[[ 1.00000000e+00 -4.33900000e-03  1.68539917e+03 ...  0.00000000e+00
   0.00000000e+00  8.63220000e+04]
 [ 2.00000000e+00  4.33900000e-03  2.11796760e+01 ...  0.00000000e+00
   3.00000000e+00  1.40000000e+01]
 [ 3.00000000e+00 -2.16900000e-03  3.49312170e+01 ...  0.00000000e+00
   1.10000000e+01  6.20000000e+01]
 ...
 [ 3.64000000e+02  4.33900000e-03  2.12252730e+01 ...  0.00000000e+00
   4.10000000e+02  1.35841000e+05]
 [ 3.65000000e+02  2.16900000e-03  1.19779250e+01 ...  0.00000000e+00
   4.10000000e+02  1.35841000e+05]
 [ 3.66000000e+02  2.16900000e-03  1.21116720e+01 ...  0.00000000e+00
   4.10000000e+02  1.35841000e+05]]
