# -------------------------- o --------------------------
# File ID: B0329+54.bary.0000.h5 
# -------------------------- o --------------------------
# Source:pulsar 
# MJD: 59402.343533720596	RA: 3h32m59.37s	DEC: 54d34m43.57s
# DELTAT:   0.671089	DELTAF(Hz):  -2.980232
# --------------------------
# Top_Hit_# 	Drift_Rate 	SNR 	Uncorrected_Frequency 	Corrected_Frequency 	Index 	freq_start 	freq_end 	SEFD 	SEFD_freq 	Coarse_Channel_Number 	Full_number_of_hits 	
# --------------------------
001	 -0.000000	129.650587	    190.088452	    190.088452	45873	    190.090502	    190.086407	0.0	      0.000000	0	291	
002	  0.679390	122.645043	    189.489226	    189.489226	50332	    189.491276	    189.487181	0.0	      0.000000	3	2971	
003	 -0.695961	 10.358105	    189.188553	    189.188553	20149	    189.190603	    189.186508	0.0	      0.000000	5	11	
004	  0.033141	 19.265112	    188.888292	    188.888292	55364	    188.890342	    188.886247	0.0	      0.000000	6	22	
005	  0.016570	 46.797140	    187.987725	    187.987725	29864	    187.989775	    187.985680	0.0	      0.000000	11	404	
006	 -0.000000	 44.057221	    187.588573	    187.588573	32725	    187.590624	    187.586529	0.0	      0.000000	13	59	
007	 -0.033141	137.010346	    186.788271	    186.788271	39118	    186.790321	    186.786226	0.0	      0.000000	17	1457	
008	  3.993489	 30.565392	    186.500592	    186.500592	4575	    186.502642	    186.498548	0.0	      0.000000	19	1125	
009	 -0.546826	18342.103889	    181.388916	    181.388916	15833	    181.390966	    181.386871	0.0	      0.000000	45	17423	
010	 -0.000000	 45.088327	    180.088938	    180.088938	58817	    180.090989	    180.086894	0.0	      0.000000	51	199	
011	 -0.016570	 34.526911	    180.086143	    180.086143	59755	    180.088193	    180.084098	0.0	      0.000000	51	199	
012	 -0.000000	 19.121868	    179.164077	    179.164077	41469	    179.166127	    179.162032	0.0	      0.000000	56	24	
013	  0.646249	1311.425886	    178.988914	    178.988914	34708	    178.990964	    178.986869	0.0	      0.000000	57	5540	
014	  1.507915	1609.734292	    178.884251	    178.884251	4291	    178.886301	    178.882206	0.0	      0.000000	58	6873	
015	  1.342210	347101.109083	    178.688950	    178.688950	4287	    178.691001	    178.686906	0.0	      0.000000	59	277510	
016	 -0.000000	 10.425408	    178.289018	    178.289018	7410	    178.291068	    178.286974	0.0	      0.000000	61	2	
017	 -0.066282	5125.476225	    175.389172	    175.389172	62933	    175.391222	    175.387127	0.0	      0.000000	75	7316	
018	  0.016570	 32.826226	    175.339491	    175.339491	14067	    175.341542	    175.337447	0.0	      0.000000	76	4075	
019	 -0.033141	313.711430	    175.193865	    175.193865	62931	    175.195915	    175.191821	0.0	      0.000000	76	4075	
020	 -0.000000	 50.031025	    175.089956	    175.089956	32261	    175.092007	    175.087912	0.0	      0.000000	77	3842	
021	 -0.000000	 54.445530	    175.087572	    175.087572	33061	    175.089623	    175.085528	0.0	      0.000000	77	3842	
022	 -0.000000	 43.942104	    175.082339	    175.082339	34817	    175.084389	    175.080294	0.0	      0.000000	77	3842	
023	 -0.000000	 80.681453	    175.078718	    175.078718	36032	    175.080768	    175.076673	0.0	      0.000000	77	3842	
024	  3.247817	 12.806369	    172.645001	    172.645001	684	    172.647039	    172.642956	0.0	      0.000000	90	148042	
025	  0.165705	163287.865993	    172.634796	    172.634796	4108	    172.636847	    172.632752	0.0	      0.000000	90	148042	
026	  0.066282	1782.515063	    172.589407	    172.589407	19338	    172.591458	    172.587363	0.0	      0.000000	90	148042	
027	  0.381121	272.872465	    172.452537	    172.452537	65264	    172.454588	    172.451730	0.0	      0.000000	90	148042	
028	  0.082852	 11.991521	    172.444327	    172.444327	2483	    172.446377	    172.442282	0.0	      0.000000	91	1063159	
029	  0.132564	264279.564990	    172.439496	    172.439496	4104	    172.441546	    172.437451	0.0	      0.000000	91	1063159	
030	 -0.878236	 13.970720	    172.433494	    172.433494	6118	    172.435544	    172.431449	0.0	      0.000000	91	1063159	
031	 -3.380381	 11.443636	    172.429530	    172.429530	7448	    172.431580	    172.427485	0.0	      0.000000	91	1063159	
032	  3.496374	580.563967	    172.425235	    172.425235	8889	    172.427286	    172.423191	0.0	      0.000000	91	1063159	
033	 -3.927207	119.060477	    172.415499	    172.415499	12156	    172.417549	    172.413454	0.0	      0.000000	91	1063159	
034	  3.894066	 39.912135	    172.411163	    172.411163	13611	    172.413213	    172.409118	0.0	      0.000000	91	1063159	
035	 -0.712531	 11.822660	    172.407315	    172.407315	14902	    172.409366	    172.405271	0.0	      0.000000	91	1063159	
036	 -1.673620	2581.204790	    172.401313	    172.401313	16916	    172.403363	    172.399269	0.0	      0.000000	91	1063159	
037	  0.977659	31724.660925	    172.387106	    172.387106	21683	    172.389157	    172.385062	0.0	      0.000000	91	1063159	
038	 -0.347980	 24.761703	    172.381125	    172.381125	23690	    172.383175	    172.379080	0.0	      0.000000	91	1063159	
039	 -3.976918	 12.264654	    172.377179	    172.377179	25014	    172.379229	    172.375135	0.0	      0.000000	91	1063159	
040	  3.280958	313.360001	    172.372917	    172.372917	26444	    172.374968	    172.370873	0.0	      0.000000	91	1063159	
041	 -3.728361	229.469312	    172.363148	    172.363148	29722	    172.365199	    172.361104	0.0	      0.000000	91	1063159	
042	  3.976918	 21.487795	    172.358854	    172.358854	31163	    172.360904	    172.356809	0.0	      0.000000	91	1063159	
043	  0.033141	433.742443	    172.354932	    172.354932	32479	    172.356982	    172.352887	0.0	      0.000000	91	1063159	
044	 -1.077082	5088.081978	    172.348938	    172.348938	34490	    172.350989	    172.346894	0.0	      0.000000	91	1063159	
045	  1.905607	4475.866420	    172.334708	    172.334708	39265	    172.336758	    172.332663	0.0	      0.000000	91	1063159	
046	  0.347980	 24.509832	    172.328747	    172.328747	41265	    172.330798	    172.326703	0.0	      0.000000	91	1063159	
047	 -3.844354	 33.962477	    172.324876	    172.324876	42564	    172.326926	    172.322832	0.0	      0.000000	91	1063159	
048	  3.976918	114.912246	    172.320540	    172.320540	44019	    172.322590	    172.318495	0.0	      0.000000	91	1063159	
049	 -3.993489	308.938008	    172.310836	    172.310836	47275	    172.312887	    172.308792	0.0	      0.000000	91	1063159	
050	 -0.513685	 13.987044	    172.301395	    172.301395	50443	    172.303445	    172.299350	0.0	      0.000000	91	1063159	
051	 -0.480544	58641.959365	    172.296564	    172.296564	52064	    172.298614	    172.294519	0.0	      0.000000	91	1063159	
052	 -0.546826	 14.354787	    172.291742	    172.291742	53682	    172.293792	    172.289697	0.0	      0.000000	91	1063159	
053	  1.971889	1158.416277	    172.282369	    172.282369	56827	    172.284419	    172.280324	0.0	      0.000000	91	1063159	
054	  0.911377	 13.511385	    172.276376	    172.276376	58838	    172.278426	    172.274331	0.0	      0.000000	91	1063159	
055	 -3.960348	 34.482999	    172.272540	    172.272540	60125	    172.274591	    172.270496	0.0	      0.000000	91	1063159	
056	  3.976918	 67.974000	    172.268198	    172.268198	61582	    172.270248	    172.266153	0.0	      0.000000	91	1063159	
057	 -2.402721	874.740343	    172.258393	    172.258393	64872	    172.260443	    172.256417	0.0	      0.000000	91	1063159	
058	  0.347980	3296.887680	    172.038905	    172.038905	7448	    172.040955	    172.036860	0.0	      0.000000	93	4115	
059	 -0.000000	175.478196	    170.089419	    170.089419	6227	    170.091469	    170.087374	0.0	      0.000000	103	3076	
060	 -0.000000	 42.894499	    169.139455	    169.139455	62838	    169.141505	    169.137410	0.0	      0.000000	107	97	
061	 -0.016570	1072.241985	    168.939493	    168.939493	64398	    168.941543	    168.937449	0.0	      0.000000	108	4049	
062	 -0.000000	431.173907	    168.744190	    168.744190	64395	    168.746240	    168.742145	0.0	      0.000000	109	3603	
063	  1.739902	 27.278503	    168.366836	    168.366836	59942	    168.368886	    168.364791	0.0	      0.000000	111	11021	
064	  1.010800	683.725664	    168.364436	    168.364436	60747	    168.366487	    168.362392	0.0	      0.000000	111	11021	
065	  0.961089	 21.702828	    168.362037	    168.362037	61552	    168.364088	    168.359993	0.0	      0.000000	111	11021	
066	  3.910636	 84.579062	    168.351052	    168.351052	65238	    168.353103	    168.350167	0.0	      0.000000	111	11021	
067	 -0.381121	 31.108239	    168.349049	    168.349049	374	    168.350164	    168.347005	0.0	      0.000000	112	371798	
068	 -2.518715	 19.389855	    168.346266	    168.346266	1308	    168.348316	    168.344222	0.0	      0.000000	112	371798	
069	  1.889036	 10.348886	    168.341462	    168.341462	2920	    168.343512	    168.339417	0.0	      0.000000	112	371798	
070	 -0.695961	 13.056125	    168.339063	    168.339063	3725	    168.341113	    168.337018	0.0	      0.000000	112	371798	
071	 -1.971889	 21.481773	    168.336667	    168.336667	4529	    168.338717	    168.334622	0.0	      0.000000	112	371798	
072	 -0.364551	 30.081176	    168.334521	    168.334521	5249	    168.336571	    168.332476	0.0	      0.000000	112	371798	
073	  0.115993	 46.623221	    168.332119	    168.332119	6055	    168.334169	    168.330074	0.0	      0.000000	112	371798	
074	  1.143364	125.987397	    168.329720	    168.329720	6860	    168.331770	    168.327675	0.0	      0.000000	112	371798	
075	  0.828525	 52.199425	    168.327324	    168.327324	7664	    168.329374	    168.325279	0.0	      0.000000	112	371798	
076	  0.049711	 78.494711	    168.324922	    168.324922	8470	    168.326972	    168.322877	0.0	      0.000000	112	371798	
077	  2.469003	 65.564103	    168.322126	    168.322126	9408	    168.324176	    168.320082	0.0	      0.000000	112	371798	
078	 -2.369580	195.819428	    168.317337	    168.317337	11015	    168.319387	    168.315292	0.0	      0.000000	112	371798	
079	 -0.497115	173.762247	    168.314929	    168.314929	11823	    168.316979	    168.312884	0.0	      0.000000	112	371798	
080	 -1.143364	454.580051	    168.312536	    168.312536	12626	    168.314586	    168.310491	0.0	      0.000000	112	371798	
081	 -2.071312	350.028952	    168.310134	    168.310134	13432	    168.312184	    168.308089	0.0	      0.000000	112	371798	
082	 -2.734131	963.211056	    168.307738	    168.307738	14236	    168.309788	    168.305693	0.0	      0.000000	112	371798	
083	 -2.452433	388.755869	    168.305338	    168.305338	15041	    168.307389	    168.303294	0.0	      0.000000	112	371798	
084	  0.463974	398.209187	    168.302933	    168.302933	15848	    168.304984	    168.300889	0.0	      0.000000	112	371798	
085	 -2.535285	196.169592	    168.300540	    168.300540	16651	    168.302591	    168.298496	0.0	      0.000000	112	371798	
086	  1.822754	131.221681	    168.298129	    168.298129	17460	    168.300180	    168.296085	0.0	      0.000000	112	371798	
087	  0.182275	 59.919198	    168.293334	    168.293334	19069	    168.295384	    168.291290	0.0	      0.000000	112	371798	
088	  2.353010	 13.020910	    168.290926	    168.290926	19877	    168.292976	    168.288882	0.0	      0.000000	112	371798	
089	 -3.065541	 13.907471	    168.288539	    168.288539	20678	    168.290589	    168.286494	0.0	      0.000000	112	371798	
090	  3.612367	 24.635210	    168.286381	    168.286381	21402	    168.288432	    168.284337	0.0	      0.000000	112	371798	
091	  3.728361	 26.994975	    168.281196	    168.281196	23142	    168.283246	    168.279151	0.0	      0.000000	112	371798	
092	 -0.215416	 16.175693	    168.278805	    168.278805	23944	    168.280856	    168.276761	0.0	      0.000000	112	371798	
093	  3.413522	 27.491587	    168.276394	    168.276394	24753	    168.278445	    168.274350	0.0	      0.000000	112	371798	
094	 -1.657049	156.024757	    168.274007	    168.274007	25554	    168.276058	    168.271963	0.0	      0.000000	112	371798	
095	 -0.762243	107.066016	    168.271605	    168.271605	26360	    168.273656	    168.269561	0.0	      0.000000	112	371798	
096	  2.883266	1455.150948	    168.269197	    168.269197	27168	    168.271248	    168.267153	0.0	      0.000000	112	371798	
097	 -1.806184	634.988429	    168.266807	    168.266807	27970	    168.268857	    168.264763	0.0	      0.000000	112	371798	
098	  2.949548	9977.175717	    168.264399	    168.264399	28778	    168.266449	    168.262355	0.0	      0.000000	112	371798	
099	  0.679390	508.507733	    168.262006	    168.262006	29581	    168.264056	    168.259961	0.0	      0.000000	112	371798	
100	 -3.761502	1733.908914	    168.259613	    168.259613	30384	    168.261663	    168.257568	0.0	      0.000000	112	371798	
101	 -3.496374	102.443963	    168.257214	    168.257214	31189	    168.259264	    168.255169	0.0	      0.000000	112	371798	
102	 -2.584997	135.878933	    168.254812	    168.254812	31995	    168.256862	    168.252767	0.0	      0.000000	112	371798	
103	 -1.491344	 20.536658	    168.250007	    168.250007	33607	    168.252058	    168.247963	0.0	      0.000000	112	371798	
104	 -2.833554	 27.968228	    168.247611	    168.247611	34411	    168.249662	    168.245567	0.0	      0.000000	112	371798	
105	  0.944518	 11.689375	    168.245075	    168.245075	35262	    168.247126	    168.243031	0.0	      0.000000	112	371798	
106	  1.557626	 17.758105	    168.242804	    168.242804	36024	    168.244855	    168.240760	0.0	      0.000000	112	371798	
107	  1.325639	 15.206047	    168.240271	    168.240271	36874	    168.242321	    168.238227	0.0	      0.000000	112	371798	
108	  3.778072	 12.250468	    168.237869	    168.237869	37680	    168.239919	    168.235825	0.0	      0.000000	112	371798	
109	 -0.679390	 40.436768	    168.235473	    168.235473	38484	    168.237523	    168.233428	0.0	      0.000000	112	371798	
110	 -1.524485	 66.570178	    168.233077	    168.233077	39288	    168.235127	    168.231032	0.0	      0.000000	112	371798	
111	  2.800413	214.003647	    168.230669	    168.230669	40096	    168.232719	    168.228624	0.0	      0.000000	112	371798	
112	  3.662079	281.655781	    168.228264	    168.228264	40903	    168.230314	    168.226219	0.0	      0.000000	112	371798	
113	  0.215416	1062.748622	    168.225874	    168.225874	41705	    168.227924	    168.223829	0.0	      0.000000	112	371798	
114	 -3.960348	1320.259681	    168.223480	    168.223480	42508	    168.225531	    168.221436	0.0	      0.000000	112	371798	
115	  3.943777	6747.916770	    168.221066	    168.221066	43318	    168.223117	    168.219022	0.0	      0.000000	112	371798	
116	 -1.259357	1291.165376	    168.218682	    168.218682	44118	    168.220733	    168.216638	0.0	      0.000000	112	371798	
117	 -3.413522	1108.013135	    168.216286	    168.216286	44922	    168.218337	    168.214242	0.0	      0.000000	112	371798	
118	 -0.480544	216.344048	    168.213878	    168.213878	45730	    168.215928	    168.211834	0.0	      0.000000	112	371798	
119	  1.623908	257.933374	    168.211473	    168.211473	46537	    168.213523	    168.209429	0.0	      0.000000	112	371798	
120	 -0.861666	 50.788715	    168.209080	    168.209080	47340	    168.211130	    168.207035	0.0	      0.000000	112	371798	
121	  1.043941	 32.145439	    168.206675	    168.206675	48147	    168.208725	    168.204630	0.0	      0.000000	112	371798	
122	 -2.286728	 27.575339	    168.203894	    168.203894	49080	    168.205945	    168.201850	0.0	      0.000000	112	371798	
123	 -2.154164	 27.036021	    168.201492	    168.201492	49886	    168.203543	    168.199448	0.0	      0.000000	112	371798	
124	  3.695220	 72.721518	    168.199078	    168.199078	50696	    168.201129	    168.197034	0.0	      0.000000	112	371798	
125	 -0.944518	 18.338036	    168.196688	    168.196688	51498	    168.198738	    168.194644	0.0	      0.000000	112	371798	
126	 -0.629679	 15.186518	    168.194286	    168.194286	52304	    168.196336	    168.192242	0.0	      0.000000	112	371798	
127	 -2.071312	 21.993811	    168.192149	    168.192149	53021	    168.194200	    168.190105	0.0	      0.000000	112	371798	
128	 -3.778072	 17.374987	    168.187354	    168.187354	54630	    168.189404	    168.185310	0.0	      0.000000	112	371798	
129	 -2.419292	 53.791646	    168.184952	    168.184952	55436	    168.187002	    168.182908	0.0	      0.000000	112	371798	
130	 -2.568426	 94.386246	    168.182553	    168.182553	56241	    168.184603	    168.180508	0.0	      0.000000	112	371798	
131	  1.557626	160.778621	    168.180142	    168.180142	57050	    168.182192	    168.178097	0.0	      0.000000	112	371798	
132	 -0.430833	384.112189	    168.177746	    168.177746	57854	    168.179796	    168.175701	0.0	      0.000000	112	371798	
133	  2.005030	106.822274	    168.175347	    168.175347	58659	    168.177397	    168.173302	0.0	      0.000000	112	371798	
134	  3.711790	141.632081	    168.172936	    168.172936	59468	    168.174986	    168.170891	0.0	      0.000000	112	371798	
135	 -0.944518	 56.971868	    168.170548	    168.170548	60269	    168.172599	    168.168504	0.0	      0.000000	112	371798	
136	 -1.971889	 41.905420	    168.168149	    168.168149	61074	    168.170200	    168.166105	0.0	      0.000000	112	371798	
137	 -1.342210	 15.860618	    168.165360	    168.165360	62010	    168.167410	    168.163315	0.0	      0.000000	112	371798	
138	  0.149134	 15.136506	    168.162955	    168.162955	62817	    168.165005	    168.160910	0.0	      0.000000	112	371798	
139	  1.110223	 28.188583	    168.160553	    168.160553	63623	    168.162603	    168.158508	0.0	      0.000000	112	371798	
140	  0.414262	 21.978431	    168.158160	    168.158160	64426	    168.160210	    168.156115	0.0	      0.000000	112	371798	
141	  0.099423	955.359761	    167.514477	    167.514477	18266	    167.516528	    167.512433	0.0	      0.000000	116	2413	
142	 -0.132564	 14.124400	    167.231141	    167.231141	47802	    167.233191	    167.229096	0.0	      0.000000	117	256	
143	  0.215416	1059.188513	    165.831290	    165.831290	58762	    165.833340	    165.829245	0.0	      0.000000	124	4746	
144	 -0.000000	 10.007430	    165.714631	    165.714631	32370	    165.716682	    165.712587	0.0	      0.000000	125	2	
145	  0.033141	 24.830764	    165.082462	    165.082462	47883	    165.084512	    165.080417	0.0	      0.000000	128	73	
146	  0.099423	167630.270695	    164.864717	    164.864717	55410	    164.866767	    164.862672	0.0	      0.000000	129	156650	
147	  0.099423	488.566033	    164.564527	    164.564527	25065	    164.566577	    164.562483	0.0	      0.000000	131	2778	
148	  3.628938	158.149744	    163.678999	    163.678999	60055	    163.681049	    163.676954	0.0	      0.000000	135	6781	
149	 -3.844354	 27.439988	    163.118772	    163.118772	51428	    163.120822	    163.116727	0.0	      0.000000	138	397749	
150	  3.877495	 32.972679	    163.116265	    163.116265	52269	    163.118316	    163.114221	0.0	      0.000000	138	397749	
151	 -2.667849	 34.489162	    163.112817	    163.112817	53426	    163.114868	    163.110773	0.0	      0.000000	138	397749	
152	  3.430092	 25.048536	    162.679372	    162.679372	2258	    162.681423	    162.677328	0.0	      0.000000	141	9100	
153	 -0.000000	350.580816	    160.089905	    160.089905	19171	    160.091955	    160.087861	0.0	      0.000000	154	3883	
154	 -0.000000	 15.503862	    159.464935	    159.464935	32268	    159.466986	    159.462891	0.0	      0.000000	157	4	
155	 -0.000000	 10.039651	    158.218251	    158.218251	57370	    158.220301	    158.216206	0.0	      0.000000	163	2	
156	 -0.033141	 27.262669	    156.340087	    156.340087	32217	    156.342138	    156.338043	0.0	      0.000000	173	30	
157	 -0.381121	 10.640202	    156.092117	    156.092117	49886	    156.094168	    156.090073	0.0	      0.000000	174	8	
158	 -0.000000	 14.714328	    156.086431	    156.086431	51794	    156.088481	    156.084387	0.0	      0.000000	174	8	
159	 -0.347980	4722.897553	    155.389760	    155.389760	23414	    155.391810	    155.387715	0.0	      0.000000	178	15508	
160	  0.762243	 13.395039	    154.315136	    154.315136	56318	    154.317186	    154.313091	0.0	      0.000000	183	281	
161	 -0.944518	150.497329	    154.260136	    154.260136	9237	    154.262186	    154.258091	0.0	      0.000000	184	179947	
162	  3.943777	 21.431632	    154.235966	    154.235966	17347	    154.238016	    154.233922	0.0	      0.000000	184	179947	
163	  3.595797	 23.644690	    154.117859	    154.117859	56977	    154.119910	    154.115815	0.0	      0.000000	184	179947	
164	 -0.066282	 90.987870	    151.597176	    151.597176	50810	    151.599226	    151.595132	0.0	      0.000000	197	348	
165	 -0.000000	 23.327109	    151.590330	    151.590330	53107	    151.592381	    151.588286	0.0	      0.000000	197	348	
166	  0.198846	 21.573046	    151.586715	    151.586715	54320	    151.588766	    151.584671	0.0	      0.000000	197	348	
167	 -0.000000	1040.830855	    150.090388	    150.090388	32116	    150.092439	    150.088344	0.0	      0.000000	205	17372	
168	 -0.000000	 16.074073	    147.070477	    147.070477	62390	    147.072528	    147.068433	0.0	      0.000000	220	8	
169	  1.226216	 49.886658	    146.914325	    146.914325	49250	    146.916376	    146.912281	0.0	      0.000000	221	1967	
170	 -0.198846	 30.313356	    146.860881	    146.860881	1647	    146.862931	    146.858836	0.0	      0.000000	222	48582	
171	 -0.165705	 29.931114	    146.794678	    146.794678	23861	    146.796728	    146.792633	0.0	      0.000000	222	48582	
172	  0.082852	3889.373800	    146.790651	    146.790651	25212	    146.792702	    146.788607	0.0	      0.000000	222	48582	
173	  0.132564	 29.286686	    146.786727	    146.786727	26529	    146.788777	    146.784682	0.0	      0.000000	222	48582	
174	 -0.248557	572.746247	    146.665583	    146.665583	1642	    146.667633	    146.663539	0.0	      0.000000	223	14624	
175	 -1.822754	 15.117722	    146.661980	    146.661980	2851	    146.664030	    146.659936	0.0	      0.000000	223	14624	
176	 -0.016570	 40.398716	    143.840692	    143.840692	32014	    143.842743	    143.838648	0.0	      0.000000	237	58	
177	 -0.066282	555820.407762	    141.328303	    141.328303	23064	    141.330353	    141.326259	0.0	      0.000000	250	1415930	
178	 -1.143364	 16.839002	    141.239346	    141.239346	52913	    141.241396	    141.237302	0.0	      0.000000	250	1415930	
179	 -1.806184	 11.599785	    141.234950	    141.234950	54388	    141.237001	    141.232906	0.0	      0.000000	250	1415930	
180	 -2.402721	 69.595042	    141.226582	    141.226582	57196	    141.228632	    141.224537	0.0	      0.000000	250	1415930	
181	  0.099423	 85.753921	    141.222058	    141.222058	58714	    141.224108	    141.220013	0.0	      0.000000	250	1415930	
182	  0.149134	 71.977344	    141.217543	    141.217543	60229	    141.219593	    141.215498	0.0	      0.000000	250	1415930	
183	 -0.000000	 11.006224	    140.096877	    140.096877	43046	    140.098927	    140.094833	0.0	      0.000000	256	18951	
184	 -0.033141	884.894415	    140.090875	    140.090875	45060	    140.092925	    140.088830	0.0	      0.000000	256	18951	
185	  0.298269	102.677810	    137.766142	    137.766142	38679	    137.768192	    137.764097	0.0	      0.000000	268	2577	
186	 -0.000000	 23.170614	    137.590993	    137.590993	31913	    137.593044	    137.588949	0.0	      0.000000	269	12	
187	 -0.000000	 12.344899	    137.098024	    137.098024	718	    137.100075	    137.095980	0.0	      0.000000	272	5	
188	 -0.000000	 76.693481	    136.903287	    136.903287	525	    136.904852	    136.901243	0.0	      0.000000	273	62905	
189	  0.082852	 36.704892	    134.935842	    134.935842	5330	    134.937892	    134.933798	0.0	      0.000000	283	1167212	
190	  0.115993	 31.369599	    134.933243	    134.933243	6202	    134.935294	    134.931199	0.0	      0.000000	283	1167212	
191	  0.099423	 41.493193	    134.930647	    134.930647	7073	    134.932698	    134.928603	0.0	      0.000000	283	1167212	
192	 -0.016570	6211494.062038	    134.766151	    134.766151	62269	    134.768201	    134.764106	0.0	      0.000000	283	1167212	
193	 -0.016570	401308.210534	    134.570847	    134.570847	62266	    134.572897	    134.568803	0.0	      0.000000	284	514960	
194	  0.016570	6001.352788	    134.503637	    134.503637	19282	    134.505687	    134.501592	0.0	      0.000000	285	1101910	
195	 -0.000000	 10.981745	    134.466145	    134.466145	31862	    134.468196	    134.464101	0.0	      0.000000	285	1101910	
196	 -0.033141	 10.647181	    134.302736	    134.302736	21157	    134.304787	    134.300692	0.0	      0.000000	286	53	
197	 -0.000000	 21.955273	    134.280155	    134.280155	28734	    134.282206	    134.278111	0.0	      0.000000	286	53	
198	 -0.000000	 18.039872	    134.277622	    134.277622	29584	    134.279672	    134.275577	0.0	      0.000000	286	53	
199	 -0.000000	 12.311345	    133.029152	    133.029152	55285	    133.031202	    133.027108	0.0	      0.000000	292	2	
200	 -0.000000	 75.427538	    131.341297	    131.341297	31811	    131.343348	    131.339253	0.0	      0.000000	301	122	
201	  0.878236	 25.705764	    131.203962	    131.203962	12357	    131.206013	    131.201918	0.0	      0.000000	302	592	
202	 -0.000000	 80.591744	    130.091358	    130.091358	58005	    130.093409	    130.089314	0.0	      0.000000	307	516	
203	 -0.000000	 65.095318	    128.216446	    128.216446	31761	    128.218497	    128.214402	0.0	      0.000000	317	72	
204	 -0.000000	 11.707745	    125.984086	    125.984086	59921	    125.986136	    125.982041	0.0	      0.000000	328	4	
205	 -0.000000	106.542344	    125.091598	    125.091598	31710	    125.093649	    125.089554	0.0	      0.000000	333	272	
206	 -0.000000	 82.377214	    124.494354	    124.494354	35504	    124.496404	    124.492309	0.0	      0.000000	336	196	
207	 -0.000000	 11.691183	    124.475355	    124.475355	41879	    124.477405	    124.473311	0.0	      0.000000	336	196	
208	 -0.347980	 21.242966	    120.141719	    120.141719	54214	    120.143769	    120.139674	0.0	      0.000000	358	859	
209	 -0.000000	1661.513563	    120.091839	    120.091839	5415	    120.093889	    120.089794	0.0	      0.000000	359	31618	
210	 -0.000000	102.493943	    118.841902	    118.841902	31608	    118.843953	    118.839858	0.0	      0.000000	365	244	
211	  0.546826	209.893037	    117.142538	    117.142538	11996	    117.144589	    117.140494	0.0	      0.000000	374	5478	
212	  0.579967	 12.672591	    116.947232	    116.947232	11994	    116.949282	    116.945187	0.0	      0.000000	375	10	
213	 -0.132564	 17.797403	    115.693916	    115.693916	39321	    115.695966	    115.691871	0.0	      0.000000	381	27217	
214	 -0.066282	 16.200367	    115.689860	    115.689860	40682	    115.691910	    115.687815	0.0	      0.000000	381	27217	
215	 -0.182275	 18.594629	    115.490947	    115.490947	41890	    115.492998	    115.488903	0.0	      0.000000	382	129887	
216	  0.546826	 12.851952	    115.384812	    115.384812	11967	    115.386863	    115.382768	0.0	      0.000000	383	9	
217	 -0.049711	 11.832624	    114.475686	    114.475686	54875	    114.477737	    114.473642	0.0	      0.000000	387	18	
218	 -0.099423	 11.548632	    114.466138	    114.466138	58079	    114.468188	    114.464093	0.0	      0.000000	387	18	
219	 -0.000000	433.454217	    112.592203	    112.592203	31507	    112.594254	    112.590159	0.0	      0.000000	397	4292	
220	  0.066282	 14.532467	    111.080761	    111.080761	14375	    111.082811	    111.078716	0.0	      0.000000	405	18	
221	  0.215416	 11.903294	    110.217086	    110.217086	42032	    110.219137	    110.215042	0.0	      0.000000	409	43	
222	 -0.000000	2765.283710	    110.092325	    110.092325	18359	    110.094375	    110.090281	0.0	      0.000000	410	31044	
