# -------------------------- o --------------------------
# File ID: TIC158002130.bary.0000.h5 
# -------------------------- o --------------------------
# Source:TICObj 
# MJD: 59403.571366646574	RA: 14h18m13.37s	DEC: 82d11m37.58s
# DELTAT:   0.671089	DELTAF(Hz):   2.980232
# --------------------------
# Top_Hit_# 	Drift_Rate 	SNR 	Uncorrected_Frequency 	Corrected_Frequency 	Index 	freq_start 	freq_end 	SEFD 	SEFD_freq 	Coarse_Channel_Number 	Full_number_of_hits 	
# --------------------------
001	 -0.420577	 12.647371	    110.072639	    110.072639	37505	    110.064446	    110.080825	0.0	      0.000000	0	1551	
002	  0.000000	225.697559	    110.097583	    110.097583	45875	    110.089391	    110.105770	0.0	      0.000000	0	1551	
003	  0.013247	208.331754	    111.072340	    111.072340	45269	    111.064147	    111.080526	0.0	      0.000000	5	409808	
004	  0.000000	 38.116082	    111.467194	    111.467194	46688	    111.459001	    111.475380	0.0	      0.000000	7	24	
005	  0.000000	 95.242311	    112.095948	    112.095948	61055	    112.087755	    112.104135	0.0	      0.000000	10	425	
006	  0.000000	 33.913867	    112.597581	    112.597581	32767	    112.589388	    112.605768	0.0	      0.000000	13	22	
007	  0.000000	304.390098	    113.397925	    113.397925	39174	    113.389733	    113.406112	0.0	      0.000000	17	6028	
008	  0.000000	 69.170473	    114.698081	    114.698081	16682	    114.689889	    114.706268	0.0	      0.000000	24	249	
009	  0.000000	 37.792246	    114.997773	    114.997773	51706	    114.989581	    115.005960	0.0	      0.000000	25	76	
010	  0.000000	 32.520598	    115.897833	    115.897833	26036	    115.889641	    115.906020	0.0	      0.000000	30	51	
011	  0.000000	310.513669	    117.498048	    117.498048	38691	    117.489856	    117.506235	0.0	      0.000000	38	4693	
012	  0.000000	 15.230303	    117.597639	    117.597639	6572	    117.589446	    117.605825	0.0	      0.000000	39	1021	
013	  0.006623	 21.507594	    117.622562	    117.622562	14935	    117.614370	    117.630749	0.0	      0.000000	39	1021	
014	  0.086102	40733.232522	    118.197294	    118.197294	11175	    118.189102	    118.205481	0.0	      0.000000	42	192969	
015	  0.036428	2490.073432	    118.596976	    118.596976	14214	    118.588783	    118.605163	0.0	      0.000000	44	677841	
016	 -0.158958	 44.166375	    118.697937	    118.697937	48091	    118.689745	    118.706124	0.0	      0.000000	44	677841	
017	  0.211944	7986.715618	    118.797885	    118.797885	16092	    118.789693	    118.806072	0.0	      0.000000	45	70422	
018	  0.000000	 16.793069	    118.846979	    118.846979	32565	    118.838786	    118.855166	0.0	      0.000000	45	70422	
019	 -0.049674	2562.416496	    119.172605	    119.172605	10755	    119.164412	    119.180792	0.0	      0.000000	47	33430	
020	  0.208633	 32.458669	    119.397458	    119.397458	20667	    119.389265	    119.405644	0.0	      0.000000	48	2334	
021	  0.245060	112.161701	    119.997456	    119.997456	25385	    119.989263	    120.005642	0.0	      0.000000	51	14420	
022	  0.000000	230.279665	    120.097577	    120.097577	58980	    120.089384	    120.105763	0.0	      0.000000	51	14420	
023	  0.000000	 20.392045	    120.107373	    120.107373	62267	    120.099180	    120.115559	0.0	      0.000000	51	14420	
024	  1.818083	 15.275912	    120.188626	    120.188626	23995	    120.180433	    120.196812	0.0	      0.000000	52	1244	
025	  0.000000	 15.240705	    120.822667	    120.822667	40136	    120.814475	    120.830854	0.0	      0.000000	55	52755	
026	 -0.420577	7882.745771	    120.847677	    120.847677	48528	    120.839485	    120.855864	0.0	      0.000000	55	52755	
027	  0.000000	 62.890660	    121.022483	    121.022483	41647	    121.014290	    121.030670	0.0	      0.000000	56	206	
028	 -0.006623	2675.973216	    121.197905	    121.197905	34973	    121.189713	    121.206092	0.0	      0.000000	57	41391	
029	  0.000000	 17.546181	    121.247374	    121.247374	51572	    121.239181	    121.255561	0.0	      0.000000	57	41391	
030	  0.430512	154.568688	    121.302577	    121.302577	4559	    121.294384	    121.310764	0.0	      0.000000	58	7308	
031	  0.351032	41751.789572	    121.497889	    121.497889	4559	    121.489697	    121.506076	0.0	      0.000000	59	220943	
032	  0.000000	 52.453775	    121.897577	    121.897577	7600	    121.889385	    121.905764	0.0	      0.000000	61	569	
033	  0.039740	3320.175303	    122.697779	    122.697779	13959	    122.689586	    122.705965	0.0	      0.000000	65	50430	
034	 -0.069544	53767.524690	    123.072337	    123.072337	8568	    123.064145	    123.080524	0.0	      0.000000	67	198030	
035	 -0.142400	 10.170645	    123.097645	    123.097645	17060	    123.089453	    123.105832	0.0	      0.000000	67	198030	
036	  0.036428	 12.212279	    123.522427	    123.522427	28521	    123.514234	    123.530613	0.0	      0.000000	69	39375	
037	  0.056298	316.360370	    123.597621	    123.597621	53752	    123.589428	    123.605808	0.0	      0.000000	69	39375	
038	 -0.162270	1627.660779	    124.047618	    124.047618	8138	    124.039426	    124.055805	0.0	      0.000000	72	45967	
039	  1.735293	69341.210176	    124.629607	    124.629607	6813	    124.621414	    124.637794	0.0	      0.000000	75	3596917	
040	  3.775255	8969.723486	    124.656772	    124.656772	15928	    124.648579	    124.664958	0.0	      0.000000	75	3596917	
041	  2.967218	1780.803549	    124.684753	    124.684753	25317	    124.676560	    124.692940	0.0	      0.000000	75	3596917	
042	 -3.844799	1278.550004	    124.715512	    124.715512	35638	    124.707319	    124.723699	0.0	      0.000000	75	3596917	
043	 -3.669283	11387.515557	    124.743222	    124.743222	44936	    124.735030	    124.751409	0.0	      0.000000	75	3596917	
044	 -3.129488	41340.130425	    124.770816	    124.770816	54195	    124.762624	    124.779003	0.0	      0.000000	75	3596917	
045	  0.410642	253501.055498	    124.797549	    124.797549	63165	    124.789356	    124.804612	0.0	      0.000000	75	3596917	
046	  0.410642	646378.876098	    124.992861	    124.992861	63165	    124.984669	    124.999925	0.0	      0.000000	76	564395	
047	  0.003312	2143.990945	    125.108101	    125.108101	36297	    125.099908	    125.116288	0.0	      0.000000	77	605444	
048	  0.000000	 50.517735	    125.572609	    125.572609	61088	    125.564416	    125.580796	0.0	      0.000000	79	149	
049	  0.000000	 10.809227	    127.097555	    127.097555	48487	    127.089362	    127.105742	0.0	      0.000000	87	2	
050	  0.000000	63290.673554	    127.222579	    127.222579	24902	    127.214386	    127.230766	0.0	      0.000000	88	436488	
051	  0.221879	 35.672069	    127.372520	    127.372520	9678	    127.364328	    127.380707	0.0	      0.000000	89	7582	
052	 -0.082791	10646.103402	    127.597531	    127.597531	19643	    127.589338	    127.605717	0.0	      0.000000	90	1233240	
053	 -0.056298	106333.773359	    128.147509	    128.147509	7577	    128.139316	    128.155695	0.0	      0.000000	93	894617	
054	  0.000000	 24.933865	    128.222572	    128.222572	32764	    128.214379	    128.230759	0.0	      0.000000	93	894617	
055	  0.079479	990.617876	    128.597318	    128.597318	27436	    128.589126	    128.605505	0.0	      0.000000	95	21248	
056	  0.000000	161.816033	    129.197522	    129.197522	32223	    129.189329	    129.205709	0.0	      0.000000	98	279280	
057	 -0.172205	113257.779963	    129.272549	    129.272549	57398	    129.264357	    129.280736	0.0	      0.000000	98	279280	
058	  0.745116	8314.061666	    129.472499	    129.472499	58954	    129.464307	    129.480686	0.0	      0.000000	99	33688	
059	  0.430512	 16.993565	    129.647442	    129.647442	52119	    129.639249	    129.655628	0.0	      0.000000	100	1024	
060	 -0.049674	 10.055573	    129.947509	    129.947509	21733	    129.939317	    129.955696	0.0	      0.000000	102	2	
061	  0.000000	117.310838	    130.097573	    130.097573	6550	    130.089380	    130.105760	0.0	      0.000000	103	1059	
062	  0.019870	159.333578	    130.748810	    130.748810	28461	    130.740618	    130.756997	0.0	      0.000000	106	4645	
063	  0.000000	308.233769	    131.047582	    131.047582	63176	    131.039389	    131.054612	0.0	      0.000000	107	2418	
064	  0.000000	19129.747130	    131.247552	    131.247552	64739	    131.239360	    131.249925	0.0	      0.000000	108	158628	
065	  0.000000	7806.544796	    131.442865	    131.442865	64739	    131.434672	    131.445237	0.0	      0.000000	109	106126	
066	  2.457227	499.653145	    131.579988	    131.579988	45214	    131.571796	    131.588175	0.0	      0.000000	110	211582	
067	 -0.139088	4040.402467	    131.622409	    131.622409	59448	    131.614216	    131.630596	0.0	      0.000000	110	211582	
068	 -0.079479	2987.133011	    131.822585	    131.822585	61080	    131.814392	    131.830772	0.0	      0.000000	111	157204	
069	 -0.069544	14393.345628	    131.922262	    131.922262	28990	    131.914069	    131.930449	0.0	      0.000000	112	1300697	
070	 -0.079479	 13.477409	    132.017898	    132.017898	61080	    132.009705	    132.026084	0.0	      0.000000	112	1300697	
071	  0.003312	 22.476296	    132.596540	    132.596540	58632	    132.588347	    132.604726	0.0	      0.000000	115	47	
072	 -0.056298	 12.950852	    132.626944	    132.626944	3298	    132.618751	    132.635131	0.0	      0.000000	116	97141	
073	 -1.894251	22235.429364	    132.672872	    132.672872	18709	    132.664680	    132.681059	0.0	      0.000000	116	97141	
074	 -0.049674	669.703813	    132.822256	    132.822256	3298	    132.814064	    132.830443	0.0	      0.000000	117	25702	
075	  0.966995	215.519011	    132.955538	    132.955538	48020	    132.947346	    132.963725	0.0	      0.000000	117	25702	
076	  0.046363	 20.047370	    133.048167	    133.048167	13565	    133.039974	    133.056354	0.0	      0.000000	118	234	
077	  0.006623	 18.827462	    133.433597	    133.433597	11822	    133.425405	    133.441784	0.0	      0.000000	120	24	
078	 -0.049674	 12.466552	    133.697118	    133.697118	34709	    133.688926	    133.705305	0.0	      0.000000	121	12	
079	 -0.003312	 19.582124	    134.179612	    134.179612	65535	    134.171419	    134.179612	0.0	      0.000000	123	40	
080	  2.271776	 41.831484	    134.182539	    134.182539	981	    134.179615	    134.190725	0.0	      0.000000	124	3874228	
081	  3.983888	1473.283100	    134.191220	    134.191220	3894	    134.183027	    134.199407	0.0	      0.000000	124	3874228	
082	 -3.831553	4824.234597	    134.205770	    134.205770	8776	    134.197577	    134.213956	0.0	      0.000000	124	3874228	
083	 -2.159181	126.733371	    134.224754	    134.224754	15146	    134.216561	    134.232940	0.0	      0.000000	124	3874228	
084	  2.496967	43438.855348	    134.235623	    134.235623	18793	    134.227430	    134.243809	0.0	      0.000000	124	3874228	
085	 -1.970418	326.957209	    134.247600	    134.247600	22812	    134.239407	    134.255787	0.0	      0.000000	124	3874228	
086	  2.844688	 42.143311	    134.258403	    134.258403	26437	    134.250211	    134.266590	0.0	      0.000000	124	3874228	
087	  3.851422	431.705722	    134.266942	    134.266942	29302	    134.258749	    134.275129	0.0	      0.000000	124	3874228	
088	 -3.550064	10517.692459	    134.281372	    134.281372	34144	    134.273179	    134.289559	0.0	      0.000000	124	3874228	
089	  1.159070	113.065811	    134.299450	    134.299450	40210	    134.291258	    134.307637	0.0	      0.000000	124	3874228	
090	  3.987199	9328.245529	    134.310853	    134.310853	44036	    134.302660	    134.319039	0.0	      0.000000	124	3874228	
091	 -2.450604	2026.048523	    134.325003	    134.325003	48784	    134.316810	    134.333189	0.0	      0.000000	124	3874228	
092	  3.983888	252.617653	    134.342583	    134.342583	54683	    134.334390	    134.350770	0.0	      0.000000	124	3874228	
093	 -0.688818	45575.287396	    134.356194	    134.356194	59250	    134.348001	    134.364381	0.0	      0.000000	124	3874228	
094	 -1.894251	269.802083	    134.366777	    134.366777	62801	    134.358584	    134.374925	0.0	      0.000000	124	3874228	
095	  0.000000	 75.518411	    134.472569	    134.472569	32763	    134.464376	    134.480756	0.0	      0.000000	125	73293	
096	 -0.804725	 13.084966	    134.489139	    134.489139	38323	    134.480946	    134.497326	0.0	      0.000000	125	73293	
097	 -0.708688	4417.549484	    134.551515	    134.551515	59253	    134.543323	    134.559702	0.0	      0.000000	125	73293	
098	 -0.072856	 48.658026	    134.847348	    134.847348	27446	    134.839155	    134.855535	0.0	      0.000000	127	3814	
099	  0.006623	 99.063711	    135.096519	    135.096519	45518	    135.088327	    135.104706	0.0	      0.000000	128	876	
100	  0.000000	115.645608	    135.104751	    135.104751	48280	    135.096558	    135.112937	0.0	      0.000000	128	876	
101	  1.321339	6709.183328	    135.162826	    135.162826	2231	    135.156178	    135.171013	0.0	      0.000000	129	4783569	
102	 -0.857711	13373.454997	    135.207166	    135.207166	17109	    135.198974	    135.215353	0.0	      0.000000	129	4783569	
103	  0.566288	39366.175470	    135.242724	    135.242724	29040	    135.234531	    135.250910	0.0	      0.000000	129	4783569	
104	 -1.390883	4328.659412	    135.286953	    135.286953	43881	    135.278760	    135.295140	0.0	      0.000000	129	4783569	
105	 -0.089414	600052.763169	    135.322573	    135.322573	55833	    135.314380	    135.330760	0.0	      0.000000	129	4783569	
106	  0.218567	11344.390648	    135.552343	    135.552343	1859	    135.546803	    135.560530	0.0	      0.000000	131	1188457	
107	 -0.003312	242.040809	    135.622647	    135.622647	25449	    135.614454	    135.630833	0.0	      0.000000	131	1188457	
108	  0.576223	133010.872620	    135.672217	    135.672217	42082	    135.664024	    135.680403	0.0	      0.000000	131	1188457	
109	  0.000000	 16.755224	    135.697564	    135.697564	50587	    135.689371	    135.705750	0.0	      0.000000	131	1188457	
110	  0.211944	99465.328125	    135.747655	    135.747655	1859	    135.742115	    135.755842	0.0	      0.000000	132	53065	
111	 -0.463628	 18.969386	    135.947486	    135.947486	3375	    135.939293	    135.955673	0.0	      0.000000	133	626	
112	  0.000000	 19.855014	    136.152273	    136.152273	6554	    136.144080	    136.160459	0.0	      0.000000	134	12	
113	  0.000000	132759.824079	    136.347585	    136.347585	6554	    136.339392	    136.355772	0.0	      0.000000	135	1048589	
114	 -3.937525	511.809573	    136.871763	    136.871763	51367	    136.863571	    136.879950	0.0	      0.000000	137	5401861	
115	  1.324651	 46.162068	    137.073522	    137.073522	53530	    137.065329	    137.081709	0.0	      0.000000	138	6661316	
116	 -3.414288	 25.498901	    137.132280	    137.132280	7710	    137.124088	    137.140467	0.0	      0.000000	139	2750	
117	 -3.960706	 14.244194	    137.447091	    137.447091	47807	    137.438898	    137.455278	0.0	      0.000000	140	1143	
118	 -3.954083	1409.144629	    137.556874	    137.556874	19108	    137.548681	    137.565061	0.0	      0.000000	141	8115003	
119	  0.000000	 10.754312	    137.597566	    137.597566	32762	    137.589373	    137.605753	0.0	      0.000000	141	8115003	
120	 -0.712000	1087.354990	    137.807735	    137.807735	37747	    137.799542	    137.815922	0.0	      0.000000	142	7930022	
121	 -3.596427	 11.498368	    137.831660	    137.831660	45775	    137.823468	    137.839847	0.0	      0.000000	142	7930022	
122	 -1.523349	 25.625650	    138.016354	    138.016354	42212	    138.008161	    138.024541	0.0	      0.000000	143	1317212	
123	  0.000000	107.823914	    140.097564	    140.097564	19654	    140.089371	    140.105750	0.0	      0.000000	154	359	
124	  0.000000	 42.168300	    140.722563	    140.722563	32761	    140.714370	    140.730750	0.0	      0.000000	157	24	
125	  0.000000	105.543425	    141.969281	    141.969281	57874	    141.961088	    141.977467	0.0	      0.000000	163	378	
126	  0.145712	355.617467	    143.147518	    143.147518	60009	    143.139326	    143.155705	0.0	      0.000000	169	8478	
127	 -0.013247	 11.255400	    143.473022	    143.473022	38158	    143.464830	    143.481209	0.0	      0.000000	171	9	
128	  0.000000	117.091023	    143.847563	    143.847563	32761	    143.839370	    143.855750	0.0	      0.000000	173	336	
129	  0.006623	213.323982	    144.095456	    144.095456	50404	    144.087263	    144.103642	0.0	      0.000000	174	1032	
130	 -0.006623	 27.869303	    144.897260	    144.897260	57301	    144.889068	    144.905447	0.0	      0.000000	178	2804	
131	 -0.016558	 11.854630	    144.947358	    144.947358	8575	    144.939165	    144.955545	0.0	      0.000000	179	303	
132	 -0.016558	 30.614564	    144.960084	    144.960084	12845	    144.951891	    144.968270	0.0	      0.000000	179	303	
133	 -0.006623	437130.212505	    145.747348	    145.747348	14863	    145.739155	    145.755534	0.0	      0.000000	183	8502389	
134	 -0.003312	 75.383279	    145.772498	    145.772498	23302	    145.764305	    145.780685	0.0	      0.000000	183	8502389	
135	 -0.003312	116.958737	    145.847239	    145.847239	48381	    145.839047	    145.855426	0.0	      0.000000	183	8502389	
136	  0.251684	 20.062798	    145.928334	    145.928334	10056	    145.920142	    145.936521	0.0	      0.000000	184	335698	
137	 -3.983888	 20.316207	    145.939358	    145.939358	13755	    145.931166	    145.947545	0.0	      0.000000	184	335698	
138	 -3.639478	 11.703299	    145.953100	    145.953100	18366	    145.944907	    145.961287	0.0	      0.000000	184	335698	
139	  0.000000	 98.421617	    146.972560	    146.972560	32760	    146.964367	    146.980747	0.0	      0.000000	189	173	
140	 -0.006623	 19.711651	    148.225786	    148.225786	60057	    148.217594	    148.233973	0.0	      0.000000	195	20	
141	  0.000000	 44.269457	    148.447435	    148.447435	3358	    148.439243	    148.455622	0.0	      0.000000	197	6271	
142	  0.000000	 10.749379	    148.562249	    148.562249	41883	    148.554056	    148.570435	0.0	      0.000000	197	6271	
143	  0.006623	479.765128	    148.590370	    148.590370	51319	    148.582177	    148.598557	0.0	      0.000000	197	6271	
144	  0.000000	 75.672733	    148.609658	    148.609658	57791	    148.601466	    148.617845	0.0	      0.000000	197	6271	
145	  0.006623	 26.011659	    148.618495	    148.618495	60756	    148.610302	    148.626681	0.0	      0.000000	197	6271	
146	  0.000000	 14.885064	    150.080456	    150.080456	27021	    150.072264	    150.088643	0.0	      0.000000	205	21560	
147	  0.000000	1159.207251	    150.097557	    150.097557	32759	    150.089364	    150.105744	0.0	      0.000000	205	21560	
148	  0.000000	 23.886592	    150.125309	    150.125309	42071	    150.117116	    150.133496	0.0	      0.000000	205	21560	
149	  1.539907	244.019565	    150.696926	    150.696926	37266	    150.688734	    150.705113	0.0	      0.000000	208	6762	
150	 -0.006623	 93.993580	    153.117614	    153.117614	63082	    153.109421	    153.124925	0.0	      0.000000	220	2086	
151	  0.006623	 27.500704	    153.222554	    153.222554	32758	    153.214361	    153.230741	0.0	      0.000000	221	194309	
152	  0.009935	317.124921	    153.272565	    153.272565	49539	    153.264373	    153.280752	0.0	      0.000000	221	194309	
153	  0.013247	 21.090117	    153.327229	    153.327229	2345	    153.320240	    153.335415	0.0	      0.000000	222	7640562	
154	  0.006623	31098.251501	    153.397428	    153.397428	25900	    153.389235	    153.405615	0.0	      0.000000	222	7640562	
155	  0.006623	 29.568601	    153.447758	    153.447758	42788	    153.439566	    153.455945	0.0	      0.000000	222	7640562	
156	  0.003312	446.304528	    153.522541	    153.522541	2345	    153.515553	    153.530728	0.0	      0.000000	223	104317	
157	 -3.997134	485.753997	    154.002087	    154.002087	32182	    153.993895	    154.010274	0.0	      0.000000	225	415336	
158	  0.718623	 25.168141	    154.167684	    154.167684	22211	    154.159491	    154.175871	0.0	      0.000000	226	40996	
159	  0.000000	 31.106450	    155.096351	    155.096351	6140	    155.088159	    155.104538	0.0	      0.000000	231	20	
160	  0.003312	 33.759671	    155.674206	    155.674206	3428	    155.666014	    155.682393	0.0	      0.000000	234	317	
161	  0.000000	 73.076534	    155.735271	    155.735271	23918	    155.727079	    155.743458	0.0	      0.000000	234	317	
162	  0.000000	 31.109878	    155.796336	    155.796336	44408	    155.788144	    155.804523	0.0	      0.000000	234	317	
163	  0.000000	 13.655365	    155.918466	    155.918466	19852	    155.910273	    155.926653	0.0	      0.000000	235	138	
164	  0.000000	 39.351930	    155.979528	    155.979528	40341	    155.971335	    155.987715	0.0	      0.000000	235	138	
165	  0.000000	 31.195175	    156.040593	    156.040593	60831	    156.032400	    156.048780	0.0	      0.000000	235	138	
166	  0.000000	 11.446041	    156.101658	    156.101658	15785	    156.093465	    156.109845	0.0	      0.000000	236	89	
167	  0.000000	 13.748760	    156.132191	    156.132191	26030	    156.123998	    156.140377	0.0	      0.000000	236	89	
168	  0.000000	 14.745879	    156.284850	    156.284850	11718	    156.276657	    156.293037	0.0	      0.000000	237	221	
169	  0.000000	 89.977659	    156.347554	    156.347554	32758	    156.339361	    156.355741	0.0	      0.000000	237	221	
170	  0.000000	 12.063385	    156.356745	    156.356745	35842	    156.348552	    156.364932	0.0	      0.000000	237	221	
171	  0.000000	 12.841623	    156.376447	    156.376447	42453	    156.368255	    156.384634	0.0	      0.000000	237	221	
172	  0.000000	137.040959	    156.468045	    156.468045	7652	    156.459852	    156.476232	0.0	      0.000000	238	2005	
173	  0.000000	 87.634561	    156.529110	    156.529110	28142	    156.520917	    156.537296	0.0	      0.000000	238	2005	
174	  0.000000	 94.448338	    156.590172	    156.590172	48631	    156.581979	    156.598358	0.0	      0.000000	238	2005	
175	  0.000000	 26.296551	    156.651237	    156.651237	3585	    156.643044	    156.659423	0.0	      0.000000	239	2727	
176	  0.000000	 17.752341	    156.681769	    156.681769	13830	    156.673577	    156.689956	0.0	      0.000000	239	2727	
177	  0.003312	 46.807525	    156.697451	    156.697451	19092	    156.689259	    156.705638	0.0	      0.000000	239	2727	
178	  0.000000	 85.470179	    156.773367	    156.773367	44565	    156.765174	    156.781553	0.0	      0.000000	239	2727	
179	  0.000000	 32.148085	    157.078688	    157.078688	15942	    157.070496	    157.086875	0.0	      0.000000	241	2479	
180	  0.000000	190.075974	    157.139750	    157.139750	36431	    157.131558	    157.147937	0.0	      0.000000	241	2479	
181	  0.000000	 24.450822	    157.170283	    157.170283	46676	    157.162090	    157.178470	0.0	      0.000000	241	2479	
182	  0.000000	 88.104866	    157.261880	    157.261880	11875	    157.253688	    157.270067	0.0	      0.000000	242	536	
183	  0.000000	112.884933	    157.322945	    157.322945	32365	    157.314753	    157.331132	0.0	      0.000000	242	536	
184	  0.000000	 10.691277	    157.353478	    157.353478	42610	    157.345285	    157.361664	0.0	      0.000000	242	536	
185	  0.000000	131.835306	    157.445072	    157.445072	7808	    157.436880	    157.453259	0.0	      0.000000	243	2642	
186	  0.000000	 26.860294	    157.475605	    157.475605	18053	    157.467412	    157.483791	0.0	      0.000000	243	2642	
187	  0.000000	 16.638747	    157.506137	    157.506137	28298	    157.497945	    157.514324	0.0	      0.000000	243	2642	
188	  0.000000	 11.453729	    157.567202	    157.567202	48788	    157.559009	    157.575389	0.0	      0.000000	243	2642	
189	  0.000000	125.204898	    157.596331	    157.596331	58562	    157.588138	    157.604518	0.0	      0.000000	243	2642	
190	  0.000000	 47.444238	    157.628267	    157.628267	3742	    157.620074	    157.636454	0.0	      0.000000	244	15452	
191	  0.006623	371.360148	    157.689329	    157.689329	24231	    157.681136	    157.697516	0.0	      0.000000	244	15452	
192	  0.000000	 52.498331	    157.719862	    157.719862	34476	    157.711669	    157.728048	0.0	      0.000000	244	15452	
193	  0.006623	 10.505306	    157.750391	    157.750391	44720	    157.742198	    157.758578	0.0	      0.000000	244	15452	
194	  0.006623	 30.234117	    157.780924	    157.780924	54965	    157.772731	    157.789110	0.0	      0.000000	244	15452	
195	  0.006623	 32.178609	    157.903053	    157.903053	30409	    157.894861	    157.911240	0.0	      0.000000	245	6934	
196	  0.006623	 30.067380	    157.933586	    157.933586	40654	    157.925393	    157.941773	0.0	      0.000000	245	6934	
197	  0.009935	234.783842	    157.994648	    157.994648	61143	    157.986455	    158.002835	0.0	      0.000000	245	6934	
198	  0.006623	 51.928111	    158.025180	    158.025180	5852	    158.016988	    158.033367	0.0	      0.000000	246	483	
199	  0.006623	 28.734730	    158.055713	    158.055713	16097	    158.047520	    158.063900	0.0	      0.000000	246	483	
200	  0.003312	 12.388351	    158.096697	    158.096697	29849	    158.088504	    158.104884	0.0	      0.000000	246	483	
201	  0.003312	 15.527381	    158.116778	    158.116778	36587	    158.108585	    158.124965	0.0	      0.000000	246	483	
202	  0.003312	 65.278299	    158.177843	    158.177843	57077	    158.169650	    158.186029	0.0	      0.000000	246	483	
203	  0.003312	 21.144657	    158.208375	    158.208375	1786	    158.203053	    158.216562	0.0	      0.000000	247	3746	
204	  0.003312	159.853484	    158.238908	    158.238908	12031	    158.230715	    158.247094	0.0	      0.000000	247	3746	
205	  0.003312	 61.672218	    158.269440	    158.269440	22276	    158.261248	    158.277627	0.0	      0.000000	247	3746	
206	  0.003312	162.611641	    158.299970	    158.299970	32520	    158.291777	    158.308156	0.0	      0.000000	247	3746	
207	  0.003312	 33.261348	    158.361035	    158.361035	53010	    158.352842	    158.369221	0.0	      0.000000	247	3746	
208	  0.003312	141.173467	    158.422100	    158.422100	7964	    158.413907	    158.430286	0.0	      0.000000	248	29104	
209	 -0.023181	 50.154296	    158.509713	    158.509713	37362	    158.501520	    158.517899	0.0	      0.000000	248	29104	
210	  0.000000	557.416108	    158.544230	    158.544230	48944	    158.536037	    158.552416	0.0	      0.000000	248	29104	
211	  0.003312	 13.291895	    158.574759	    158.574759	59188	    158.566566	    158.582946	0.0	      0.000000	248	29104	
212	  0.000000	 39.979137	    158.605292	    158.605292	3897	    158.597099	    158.613478	0.0	      0.000000	249	2352	
213	  0.000000	 27.632144	    158.727421	    158.727421	44877	    158.719229	    158.735608	0.0	      0.000000	249	2352	
214	 -0.033116	347.730664	    158.788987	    158.788987	65535	    158.780794	    158.788987	0.0	      0.000000	249	2352	
215	  0.046363	 18.768730	    158.842801	    158.842801	18056	    158.834608	    158.850988	0.0	      0.000000	250	3812256	
216	  0.006623	1082.505726	    158.860042	    158.860042	23841	    158.851849	    158.868228	0.0	      0.000000	250	3812256	
217	 -0.165581	 58.162105	    158.877297	    158.877297	29631	    158.869105	    158.885484	0.0	      0.000000	250	3812256	
218	  0.000000	126.331596	    158.886614	    158.886614	32757	    158.878421	    158.894800	0.0	      0.000000	250	3812256	
219	 -0.029805	 69.208541	    158.949055	    158.949055	53709	    158.940863	    158.957242	0.0	      0.000000	250	3812256	
220	 -0.076167	164.450902	    158.961823	    158.961823	57993	    158.953630	    158.970009	0.0	      0.000000	250	3812256	
221	 -0.076167	190.609042	    158.970841	    158.970841	61019	    158.962648	    158.979028	0.0	      0.000000	250	3812256	
222	 -0.089414	 17.514318	    158.983569	    158.983569	65290	    158.975377	    158.984300	0.0	      0.000000	250	3812256	
223	  0.000000	 13.899813	    159.002211	    159.002211	6009	    158.994018	    159.010397	0.0	      0.000000	251	4682	
224	  0.000000	 65.710271	    159.063276	    159.063276	26499	    159.055083	    159.071462	0.0	      0.000000	251	4682	
225	 -0.003312	 34.720287	    159.100803	    159.100803	39091	    159.092610	    159.108990	0.0	      0.000000	251	4682	
226	  0.000000	 10.630819	    159.116431	    159.116431	44335	    159.108239	    159.124618	0.0	      0.000000	251	4682	
227	  0.003312	207.720094	    159.154870	    159.154870	57233	    159.146678	    159.163057	0.0	      0.000000	251	4682	
228	  0.000000	 10.700353	    159.185403	    159.185403	1942	    159.179615	    159.193589	0.0	      0.000000	252	4748	
229	  0.000000	340.459850	    159.215935	    159.215935	12187	    159.207743	    159.224122	0.0	      0.000000	252	4748	
230	  0.000000	 14.944363	    159.227516	    159.227516	16073	    159.219324	    159.235703	0.0	      0.000000	252	4748	
231	  0.000000	 33.652505	    159.246468	    159.246468	22432	    159.238275	    159.254654	0.0	      0.000000	252	4748	
232	  0.000000	 14.619436	    159.283059	    159.283059	34710	    159.274866	    159.291246	0.0	      0.000000	252	4748	
233	  0.000000	 11.869632	    159.338602	    159.338602	53347	    159.330409	    159.346788	0.0	      0.000000	252	4748	
234	  0.000000	 77.858984	    159.399130	    159.399130	8121	    159.390937	    159.407317	0.0	      0.000000	253	2506	
235	  0.000000	 37.363836	    159.429663	    159.429663	18366	    159.421470	    159.437849	0.0	      0.000000	253	2506	
236	 -0.006623	 10.383434	    159.449690	    159.449690	25086	    159.441497	    159.457876	0.0	      0.000000	253	2506	
237	  0.000000	 55.818020	    159.460192	    159.460192	28610	    159.451999	    159.468379	0.0	      0.000000	253	2506	
238	  0.000000	 21.903113	    159.471746	    159.471746	32487	    159.463554	    159.479933	0.0	      0.000000	253	2506	
239	  0.000000	 26.134427	    159.490724	    159.490724	38855	    159.482532	    159.498911	0.0	      0.000000	253	2506	
240	  0.000000	 25.018680	    159.521257	    159.521257	49100	    159.513064	    159.529444	0.0	      0.000000	253	2506	
241	  0.000000	 28.824231	    159.612854	    159.612854	14299	    159.604662	    159.621041	0.0	      0.000000	254	3220	
242	  0.000000	 12.177234	    159.643387	    159.643387	24544	    159.635194	    159.651574	0.0	      0.000000	254	3220	
243	  0.000000	220.238462	    159.673919	    159.673919	34789	    159.665727	    159.682106	0.0	      0.000000	254	3220	
244	  0.000000	113.256432	    159.704452	    159.704452	45034	    159.696259	    159.712639	0.0	      0.000000	254	3220	
245	  0.006623	 79.144694	    159.734981	    159.734981	55278	    159.726789	    159.743168	0.0	      0.000000	254	3220	
246	  0.000000	 51.256199	    159.765514	    159.765514	65523	    159.757321	    159.765550	0.0	      0.000000	254	3220	
247	  0.000000	 18.131993	    159.767043	    159.767043	500	    159.765553	    159.775229	0.0	      0.000000	255	1065	
248	  0.000000	166.797812	    159.826579	    159.826579	20477	    159.818386	    159.834765	0.0	      0.000000	255	1065	
249	  0.000000	 11.853245	    159.841525	    159.841525	25492	    159.833332	    159.849711	0.0	      0.000000	255	1065	
250	  0.000000	 51.870722	    159.857111	    159.857111	30722	    159.848919	    159.865298	0.0	      0.000000	255	1065	
251	  0.000000	 17.275578	    159.918176	    159.918176	51212	    159.909984	    159.926363	0.0	      0.000000	255	1065	
252	  0.000000	 50.696105	    159.960826	    159.960826	65523	    159.952634	    159.960862	0.0	      0.000000	255	1065	
253	  0.000000	 35.923450	    159.979241	    159.979241	6166	    159.971049	    159.987428	0.0	      0.000000	256	4905	
254	  0.000000	 21.533314	    160.019927	    160.019927	19818	    160.011735	    160.028114	0.0	      0.000000	256	4905	
255	  0.000000	 15.224518	    160.040303	    160.040303	26655	    160.032111	    160.048490	0.0	      0.000000	256	4905	
256	  0.000000	112.181486	    160.070836	    160.070836	36900	    160.062643	    160.079022	0.0	      0.000000	256	4905	
257	  0.000000	211.605454	    160.091498	    160.091498	43833	    160.083305	    160.099684	0.0	      0.000000	256	4905	
258	  0.006623	 87.387065	    160.106560	    160.106560	48887	    160.098367	    160.114746	0.0	      0.000000	256	4905	
259	  0.000000	134.538186	    160.131901	    160.131901	57390	    160.123708	    160.140087	0.0	      0.000000	256	4905	
260	  0.000000	 13.479361	    160.284563	    160.284563	43079	    160.276370	    160.292750	0.0	      0.000000	257	335	
261	  0.006623	 54.245100	    160.315092	    160.315092	53323	    160.306900	    160.323279	0.0	      0.000000	257	335	
262	  0.000000	 39.315163	    160.345625	    160.345625	63568	    160.337432	    160.351487	0.0	      0.000000	257	335	
263	  0.000000	 50.122955	    160.376157	    160.376157	8277	    160.367965	    160.384344	0.0	      0.000000	258	5920	
264	  0.000000	 15.004076	    160.406690	    160.406690	18522	    160.398497	    160.414877	0.0	      0.000000	258	5920	
265	  0.000000	365.761442	    160.437222	    160.437222	28767	    160.429030	    160.445409	0.0	      0.000000	258	5920	
266	  0.000000	 28.406186	    160.467755	    160.467755	39012	    160.459562	    160.475942	0.0	      0.000000	258	5920	
267	  0.000000	 36.327100	    160.498287	    160.498287	49257	    160.490095	    160.506474	0.0	      0.000000	258	5920	
268	  0.000000	 11.254455	    160.528820	    160.528820	59502	    160.520627	    160.537007	0.0	      0.000000	258	5920	
269	  0.000000	 53.232355	    160.589885	    160.589885	14456	    160.581692	    160.598072	0.0	      0.000000	259	434	
270	  0.000000	 29.591385	    160.620414	    160.620414	24700	    160.612222	    160.628601	0.0	      0.000000	259	434	
271	  0.000000	 11.671826	    160.681479	    160.681479	45190	    160.673287	    160.689666	0.0	      0.000000	259	434	
272	  0.000000	 51.489069	    160.803609	    160.803609	20634	    160.795417	    160.811796	0.0	      0.000000	260	232	
273	  0.000000	 13.360820	    160.864674	    160.864674	41124	    160.856481	    160.872861	0.0	      0.000000	260	232	
274	 -0.006623	 35.244166	    160.896747	    160.896747	51886	    160.888555	    160.904934	0.0	      0.000000	260	232	
275	  0.000000	 10.853508	    160.956269	    160.956269	6322	    160.948076	    160.964455	0.0	      0.000000	261	492	
276	  0.000000	 16.801236	    160.986801	    160.986801	16567	    160.978608	    160.994988	0.0	      0.000000	261	492	
277	  0.000000	 27.235157	    161.017334	    161.017334	26812	    161.009141	    161.025520	0.0	      0.000000	261	492	
278	  0.000000	 24.113552	    161.047866	    161.047866	37057	    161.039673	    161.056053	0.0	      0.000000	261	492	
279	  0.000000	 98.388001	    161.108931	    161.108931	57547	    161.100738	    161.117118	0.0	      0.000000	261	492	
280	  0.000000	469.500746	    161.177339	    161.177339	14965	    161.169147	    161.185526	0.0	      0.000000	262	8124	
281	  0.000000	206.954053	    161.231058	    161.231058	32990	    161.222865	    161.239245	0.0	      0.000000	262	8124	
282	  0.000000	 15.562262	    161.261590	    161.261590	43235	    161.253398	    161.269777	0.0	      0.000000	262	8124	
283	  0.000000	 78.002535	    161.292123	    161.292123	53480	    161.283930	    161.300310	0.0	      0.000000	262	8124	
284	  0.000000	 16.239723	    161.414253	    161.414253	28924	    161.406060	    161.422440	0.0	      0.000000	263	1019	
285	  0.000000	 38.210946	    161.497461	    161.497461	56844	    161.489268	    161.505648	0.0	      0.000000	263	1019	
286	  0.000000	 12.719097	    161.627977	    161.627977	35102	    161.619785	    161.636164	0.0	      0.000000	264	135	
287	  0.000000	 24.588421	    161.658510	    161.658510	45347	    161.650317	    161.666696	0.0	      0.000000	264	135	
288	  0.000000	 57.331211	    161.689042	    161.689042	55592	    161.680849	    161.697229	0.0	      0.000000	264	135	
289	  0.000000	 24.457353	    161.750107	    161.750107	10546	    161.741914	    161.758294	0.0	      0.000000	265	107	
290	  0.000000	 29.534590	    161.811169	    161.811169	31035	    161.802976	    161.819356	0.0	      0.000000	265	107	
291	  0.000000	 22.297590	    161.902767	    161.902767	61770	    161.894574	    161.910953	0.0	      0.000000	265	107	
292	  0.000000	 85.190904	    161.963831	    161.963831	16724	    161.955639	    161.972018	0.0	      0.000000	266	11826	
293	 -0.003312	 11.170966	    162.062507	    162.062507	49834	    162.054314	    162.070694	0.0	      0.000000	266	11826	
294	 -0.003312	 14.177291	    162.078132	    162.078132	55077	    162.069940	    162.086319	0.0	      0.000000	266	11826	
295	 -0.006623	263.318710	    162.093758	    162.093758	60320	    162.085565	    162.101944	0.0	      0.000000	266	11826	
296	  0.000000	366.534446	    162.106170	    162.106170	64485	    162.097978	    162.109300	0.0	      0.000000	266	11826	
297	  0.000000	 10.625245	    162.208088	    162.208088	33147	    162.199896	    162.216275	0.0	      0.000000	267	76	
298	  0.006623	 23.935056	    162.269150	    162.269150	53636	    162.260958	    162.277337	0.0	      0.000000	267	76	
299	  0.000000	 63.107545	    162.301483	    162.301483	64485	    162.293290	    162.304612	0.0	      0.000000	267	76	
300	  0.006623	 58.005881	    162.452342	    162.452342	49569	    162.444150	    162.460529	0.0	      0.000000	268	164	
301	  0.006623	 23.751595	    162.482875	    162.482875	59814	    162.474682	    162.491061	0.0	      0.000000	268	164	
302	  0.006623	 10.064598	    162.513407	    162.513407	4523	    162.505215	    162.521594	0.0	      0.000000	269	730	
303	  0.006623	 21.994032	    162.574472	    162.574472	25013	    162.566279	    162.582659	0.0	      0.000000	269	730	
304	  0.006623	108.306834	    162.596287	    162.596287	32333	    162.588095	    162.604474	0.0	      0.000000	269	730	
305	  0.006623	 22.236721	    162.607982	    162.607982	36257	    162.599789	    162.616169	0.0	      0.000000	269	730	
306	  0.003312	 37.064727	    162.635537	    162.635537	45503	    162.627344	    162.643724	0.0	      0.000000	269	730	
307	  0.003312	 18.506824	    162.879794	    162.879794	61926	    162.871601	    162.887981	0.0	      0.000000	270	11	
308	  0.000000	142.556455	    163.090535	    163.090535	1567	    163.085865	    163.098722	0.0	      0.000000	272	421326	
309	  0.019870	 21.476330	    163.148185	    163.148185	20911	    163.139992	    163.156371	0.0	      0.000000	272	421326	
310	  0.000000	951.314823	    163.285848	    163.285848	1567	    163.281178	    163.294034	0.0	      0.000000	273	1931666	
311	  0.003312	 31.475794	    163.297363	    163.297363	5431	    163.289171	    163.305550	0.0	      0.000000	273	1931666	
312	  0.000000	222.102284	    163.322481	    163.322481	13859	    163.314288	    163.330667	0.0	      0.000000	273	1931666	
313	  0.000000	 55.492605	    163.360088	    163.360088	26478	    163.351896	    163.368275	0.0	      0.000000	273	1931666	
314	 -0.013247	 13.742926	    163.430940	    163.430940	50252	    163.422748	    163.439127	0.0	      0.000000	273	1931666	
315	  0.000000	 14.342585	    163.682269	    163.682269	3512	    163.674076	    163.690456	0.0	      0.000000	275	5	
316	  0.000000	 22.041430	    163.963391	    163.963391	32305	    163.955199	    163.971578	0.0	      0.000000	276	20	
317	 -0.006623	 16.810314	    164.041587	    164.041587	58543	    164.033394	    164.049774	0.0	      0.000000	276	20	
318	  0.000000	364.682970	    164.935049	    164.935049	30659	    164.926856	    164.943235	0.0	      0.000000	281	16275	
319	 -0.016558	 35.159571	    164.972474	    164.972474	43217	    164.964282	    164.980661	0.0	      0.000000	281	16275	
320	  0.000000	 44.680302	    165.096267	    165.096267	19219	    165.088074	    165.104454	0.0	      0.000000	282	2564	
321	 -0.943814	 42.731243	    165.234288	    165.234288	65531	    165.226095	    165.234300	0.0	      0.000000	282	2564	
322	 -0.006623	 51.578730	    165.259331	    165.259331	8398	    165.251138	    165.267517	0.0	      0.000000	283	6613373	
323	  0.013247	 15.512716	    165.387805	    165.387805	51507	    165.379613	    165.395992	0.0	      0.000000	283	6613373	
324	  3.679218	 16.323981	    165.405082	    165.405082	57304	    165.396889	    165.413268	0.0	      0.000000	283	6613373	
325	  0.003312	21874462.542325	    165.422522	    165.422522	63156	    165.414329	    165.429612	0.0	      0.000000	283	6613373	
326	 -0.006623	 35.544371	    165.446853	    165.446853	5784	    165.438660	    165.455039	0.0	      0.000000	284	4557546	
327	  0.003312	1698840.954108	    165.617835	    165.617835	63156	    165.609642	    165.624925	0.0	      0.000000	284	4557546	
328	  0.000000	19020.637287	    165.685051	    165.685051	20174	    165.676858	    165.693237	0.0	      0.000000	285	7077728	
329	  0.000000	112.227974	    165.722739	    165.722739	32820	    165.714546	    165.730925	0.0	      0.000000	285	7077728	
330	  0.003312	147.960382	    165.883600	    165.883600	21260	    165.875407	    165.891787	0.0	      0.000000	286	102573	
331	  0.003312	 64.736656	    165.908562	    165.908562	29636	    165.900370	    165.916749	0.0	      0.000000	286	102573	
332	  3.252018	 74.396905	    166.149639	    166.149639	44992	    166.141447	    166.157826	0.0	      0.000000	287	3119788	
333	 -0.006623	 11.119776	    166.459846	    166.459846	18008	    166.451653	    166.468032	0.0	      0.000000	289	8	
334	  0.000000	352.746089	    166.723292	    166.723292	40870	    166.715100	    166.731479	0.0	      0.000000	290	3541555	
335	  0.000000	 24.814904	    166.764214	    166.764214	54601	    166.756021	    166.772400	0.0	      0.000000	290	3541555	
336	  0.000000	 47.598214	    167.160316	    167.160316	56439	    167.152124	    167.168503	0.0	      0.000000	292	1036	
337	  0.003312	 33.657882	    167.596247	    167.596247	6105	    167.588054	    167.604434	0.0	      0.000000	295	96	
338	  0.000000	256.535800	    168.847545	    168.847545	32755	    168.839352	    168.855732	0.0	      0.000000	301	1344	
339	 -0.105972	 13.881552	    169.997581	    169.997581	25427	    169.989388	    170.005768	0.0	      0.000000	307	12742	
340	  0.000000	403.225362	    170.097544	    170.097544	58969	    170.089351	    170.105731	0.0	      0.000000	307	12742	
341	  0.003312	 54.763361	    171.972542	    171.972542	32754	    171.964349	    171.980729	0.0	      0.000000	317	88	
342	  0.000000	 23.546992	    172.596203	    172.596203	45412	    172.588011	    172.604390	0.0	      0.000000	320	10	
343	  0.000000	217.517761	    175.097542	    175.097542	32754	    175.089349	    175.105729	0.0	      0.000000	333	1733	
344	  0.000000	 10.998056	    175.675704	    175.675704	30145	    175.667512	    175.683891	0.0	      0.000000	336	199	
345	  0.000000	 78.811845	    175.694703	    175.694703	36520	    175.686510	    175.702890	0.0	      0.000000	336	199	
346	  0.410642	 14.233980	    179.147728	    179.147728	15515	    179.139536	    179.155915	0.0	      0.000000	354	43	
347	  0.000000	1131.954851	    180.097540	    180.097540	6539	    180.089348	    180.105727	0.0	      0.000000	359	92403	
348	 -0.013247	264.477810	    180.422356	    180.422356	49993	    180.414163	    180.430543	0.0	      0.000000	360	1156790	
349	  0.006623	 56.119482	    180.773198	    180.773198	36644	    180.765005	    180.781384	0.0	      0.000000	362	59	
350	  0.003312	105.272376	    181.347536	    181.347536	32752	    181.339343	    181.355723	0.0	      0.000000	365	316	
351	  0.000000	 15.228425	    182.609253	    182.609253	62898	    182.601061	    182.617112	0.0	      0.000000	371	4	
352	  0.023181	 10.281860	    184.499835	    184.499835	41912	    184.491642	    184.508022	0.0	      0.000000	381	4	
353	 -0.003312	 13.027122	    184.696593	    184.696593	42397	    184.688400	    184.704780	0.0	      0.000000	382	20027	
354	  0.026493	 12.366438	    185.096391	    185.096391	45475	    185.088198	    185.104578	0.0	      0.000000	384	7	
355	  0.003312	 49.814343	    185.713550	    185.713550	55951	    185.705357	    185.721736	0.0	      0.000000	387	73	
356	  0.000000	184.844327	    187.597533	    187.597533	32751	    187.589341	    187.605720	0.0	      0.000000	397	813	
357	  0.000000	 46.781593	    187.609570	    187.609570	36790	    187.601378	    187.617757	0.0	      0.000000	397	813	
358	 -0.685507	 82.779287	    188.706370	    188.706370	11599	    188.698178	    188.714557	0.0	      0.000000	403	16238	
359	  0.019870	 20.064722	    189.108505	    189.108505	15461	    189.100312	    189.116692	0.0	      0.000000	405	26	
360	 -0.152335	 17.287737	    189.672177	    189.672177	7990	    189.663984	    189.680364	0.0	      0.000000	408	3649	
361	  0.006623	1847.919039	    190.097531	    190.097531	19643	    190.089338	    190.105717	0.0	      0.000000	410	88836	
