# -------------------------- o --------------------------
# File ID: TIC121966220.bary.0000.h5 
# -------------------------- o --------------------------
# Source:TICObj 
# MJD: 59410.392913791657	RA: 5h03m11.48s	DEC: 41d47m08.82s
# DELTAT:   0.671089	DELTAF(Hz):   2.980232	max_drift_rate:   4.000000	obs_length: 899.929866
# --------------------------
# Top_Hit_# 	Drift_Rate 	SNR 	Uncorrected_Frequency 	Corrected_Frequency 	Index 	freq_start 	freq_end 	SEFD 	SEFD_freq 	Coarse_Channel_Number 	Full_number_of_hits 	
# --------------------------
000001	  0.002169	1954.514771	    110.091507	    110.091507	45872	    110.080516	    110.102495	0.0	      0.000000	0	119479	
000002	 -0.045559	367.660095	    110.396340	    110.396340	17085	    110.385349	    110.407328	0.0	      0.000000	2	83873	
000003	 -0.049898	 13.268439	    111.041397	    111.041397	36922	    111.030406	    111.052385	0.0	      0.000000	5	17	
000004	  0.607450	 16.933893	    111.299893	    111.299893	58123	    111.288902	    111.310881	0.0	      0.000000	6	1532	
000005	 -0.203930	 78.354652	    111.396173	    111.396173	24893	    111.385181	    111.407161	0.0	      0.000000	7	44454	
000006	  0.002169	 15.269512	    112.591371	    112.591371	32719	    112.580380	    112.602359	0.0	      0.000000	13	2	
000007	  0.002169	 20.295618	    112.890991	    112.890991	2183	    112.884486	    112.901980	0.0	      0.000000	15	8	
000008	 -0.071592	 18.562016	    113.490951	    113.490951	6888	    113.479960	    113.501939	0.0	      0.000000	18	3875	
000009	  0.004339	 35.475929	    113.942447	    113.942447	27313	    113.931456	    113.953435	0.0	      0.000000	20	138	
000010	 -0.080270	 17.826618	    114.591488	    114.591488	48487	    114.580497	    114.602476	0.0	      0.000000	23	2194	
000011	  0.121490	 35.024242	    114.616439	    114.616439	56859	    114.605448	    114.627427	0.0	      0.000000	23	2194	
000012	  0.002169	1200.219116	    114.690560	    114.690560	16194	    114.679569	    114.701548	0.0	      0.000000	24	127498	
000013	  0.123659	 21.960304	    114.716497	    114.716497	24897	    114.705506	    114.727485	0.0	      0.000000	24	127498	
000014	  0.611789	 13.165190	    114.740738	    114.740738	33031	    114.729747	    114.751726	0.0	      0.000000	24	127498	
000015	  0.199591	 37.413864	    114.766106	    114.766106	41543	    114.755115	    114.777094	0.0	      0.000000	24	127498	
000016	  0.004339	 78.931892	    114.791772	    114.791772	50155	    114.780781	    114.802760	0.0	      0.000000	24	127498	
000017	 -0.008678	 31.274752	    114.891520	    114.891520	18089	    114.880529	    114.902508	0.0	      0.000000	25	9954	
000018	 -0.182235	 18.964666	    114.940691	    114.940691	34588	    114.929700	    114.951679	0.0	      0.000000	25	9954	
000019	 -0.479451	 46.446926	    114.965922	    114.965922	43054	    114.954930	    114.976910	0.0	      0.000000	25	9954	
000020	 -0.015186	 86.353561	    115.591097	    115.591097	56220	    115.580106	    115.602085	0.0	      0.000000	28	14836	
000021	  1.948178	 16.737251	    117.140066	    117.140066	51680	    117.129075	    117.151055	0.0	      0.000000	36	7372	
000022	 -0.002169	150.403839	    117.491075	    117.491075	38387	    117.480084	    117.502063	0.0	      0.000000	38	12828	
000023	  0.023864	 12.900429	    117.790848	    117.790848	7902	    117.779857	    117.801836	0.0	      0.000000	40	20	
000024	 -0.047728	 30.486835	    118.191331	    118.191331	11210	    118.180340	    118.202320	0.0	      0.000000	42	1553	
000025	 -0.002169	 57.512760	    118.391013	    118.391013	12676	    118.380022	    118.402001	0.0	      0.000000	43	2579968	
000026	  0.002169	76377.789062	    118.465990	    118.465990	37834	    118.454999	    118.476978	0.0	      0.000000	43	2579968	
000027	  0.225624	583.600403	    118.490803	    118.490803	46160	    118.479812	    118.501791	0.0	      0.000000	43	2579968	
000028	 -0.023864	156.706009	    118.541098	    118.541098	63036	    118.530106	    118.548545	0.0	      0.000000	43	2579968	
000029	 -0.498977	 44.282906	    118.616259	    118.616259	22720	    118.605268	    118.627247	0.0	      0.000000	44	18471	
000030	  0.045559	 83.197319	    118.665981	    118.665981	39404	    118.654990	    118.676969	0.0	      0.000000	44	18471	
000031	  0.008678	 85.978241	    118.691012	    118.691012	47803	    118.680021	    118.702000	0.0	      0.000000	44	18471	
000032	  0.190913	 98.055916	    118.790874	    118.790874	15775	    118.779883	    118.801862	0.0	      0.000000	45	13027	
000033	  0.470774	2670.108154	    118.945539	    118.945539	2136	    118.939173	    118.956527	0.0	      0.000000	46	4061433	
000034	 -0.039050	306976.312500	    118.965882	    118.965882	8962	    118.954891	    118.976870	0.0	      0.000000	46	4061433	
000035	  0.169218	112.016624	    118.990958	    118.990958	17376	    118.979967	    119.001946	0.0	      0.000000	46	4061433	
000036	  0.071592	 16.439514	    119.052371	    119.052371	37983	    119.041380	    119.063359	0.0	      0.000000	46	4061433	
000037	  0.433893	43286.027344	    119.140851	    119.140851	2136	    119.134486	    119.151839	0.0	      0.000000	47	755543	
000038	  0.002169	1058.151978	    119.165817	    119.165817	10513	    119.154826	    119.176805	0.0	      0.000000	47	755543	
000039	 -0.047728	10450.425781	    119.365993	    119.365993	12145	    119.355002	    119.376981	0.0	      0.000000	48	311784	
000040	 -0.039050	458.397980	    119.599324	    119.599324	24902	    119.588333	    119.610312	0.0	      0.000000	49	203694	
000041	 -0.026034	978.799805	    119.641095	    119.641095	38918	    119.630104	    119.652083	0.0	      0.000000	49	203694	
000042	  0.017356	 28.222691	    119.665944	    119.665944	47256	    119.654953	    119.676933	0.0	      0.000000	49	203694	
000043	 -0.002169	 22.139000	    119.740939	    119.740939	6884	    119.729948	    119.751927	0.0	      0.000000	50	210740	
000044	 -0.101965	3739.002441	    119.891295	    119.891295	57335	    119.880304	    119.902283	0.0	      0.000000	50	210740	
000045	 -0.108473	 58.479950	    120.041025	    120.041025	42040	    120.030033	    120.052013	0.0	      0.000000	51	20105	
000046	  0.086779	 17.441315	    120.065924	    120.065924	50395	    120.054933	    120.076913	0.0	      0.000000	51	20105	
000047	  0.002169	 14.136522	    120.090949	    120.090949	58792	    120.079958	    120.101938	0.0	      0.000000	51	20105	
000048	  0.171388	 81.540390	    120.340332	    120.340332	11399	    120.329341	    120.351320	0.0	      0.000000	53	18985	
000049	 -0.405690	 32.035774	    120.466041	    120.466041	53580	    120.455050	    120.477030	0.0	      0.000000	53	18985	
000050	 -0.041220	 71.859581	    120.515907	    120.515907	4776	    120.504916	    120.526895	0.0	      0.000000	54	43275	
000051	 -0.004339	225.289673	    120.540875	    120.540875	13154	    120.529884	    120.551863	0.0	      0.000000	54	43275	
000052	  0.002169	 21.680956	    120.565909	    120.565909	21554	    120.554918	    120.576897	0.0	      0.000000	54	43275	
000053	  0.075931	463.095123	    120.741010	    120.741010	14772	    120.730018	    120.751998	0.0	      0.000000	55	43952	
000054	  0.075931	2373.358398	    121.024147	    121.024147	44241	    121.013155	    121.035135	0.0	      0.000000	56	202394	
000055	 -0.117151	1411.497314	    121.465969	    121.465969	61420	    121.454978	    121.476957	0.0	      0.000000	58	171989	
000056	 -0.108473	 12.657799	    121.661267	    121.661267	61415	    121.650275	    121.672255	0.0	      0.000000	59	27	
000057	  0.075931	 23.614065	    121.690893	    121.690893	5820	    121.679902	    121.701881	0.0	      0.000000	60	269205	
000058	  0.002169	4681.288574	    121.765858	    121.765858	30974	    121.754867	    121.776846	0.0	      0.000000	60	269205	
000059	  0.043389	 64.077614	    121.940830	    121.940830	24149	    121.929839	    121.951818	0.0	      0.000000	61	6733	
000060	  0.058576	 79.735016	    121.965900	    121.965900	32561	    121.954909	    121.976888	0.0	      0.000000	61	6733	
000061	  0.002169	130.128235	    121.990847	    121.990847	40932	    121.979856	    122.001836	0.0	      0.000000	61	6733	
000062	  0.028203	 33.162609	    122.090769	    122.090769	8924	    122.079778	    122.101757	0.0	      0.000000	62	31147	
000063	  0.030372	144.740112	    122.165698	    122.165698	34066	    122.154707	    122.176686	0.0	      0.000000	62	31147	
000064	 -0.416537	 19.539957	    122.741005	    122.741005	30499	    122.730014	    122.751993	0.0	      0.000000	65	1098	
000065	  0.080270	4442.291992	    123.045492	    123.045492	1596	    123.040736	    123.056480	0.0	      0.000000	67	52788	
000066	  0.069423	36832.207031	    123.240793	    123.240793	1592	    123.236048	    123.251781	0.0	      0.000000	68	906587	
000067	 -0.008678	66487.515625	    123.290795	    123.290795	18370	    123.279804	    123.301783	0.0	      0.000000	68	906587	
000068	 -0.075931	 81.254700	    123.540297	    123.540297	36553	    123.529306	    123.551285	0.0	      0.000000	69	498850	
000069	 -0.004339	11566.935547	    123.590749	    123.590749	53482	    123.579758	    123.601737	0.0	      0.000000	69	498850	
000070	  0.004339	 26.759533	    123.815724	    123.815724	63435	    123.804733	    123.821983	0.0	      0.000000	70	33	
000071	  0.002169	371.496918	    123.890716	    123.890716	23062	    123.879725	    123.901704	0.0	      0.000000	71	6845	
000072	 -0.436062	 12.541769	    124.015459	    124.015459	64919	    124.004468	    124.017295	0.0	      0.000000	71	6845	
000073	 -0.056406	26425.509766	    124.065611	    124.065611	16211	    124.054620	    124.076599	0.0	      0.000000	72	769212	
000074	  0.134507	178.452591	    124.165720	    124.165720	49802	    124.154729	    124.176708	0.0	      0.000000	72	769212	
000075	 -0.171388	101.985130	    124.212497	    124.212497	65498	    124.201506	    124.212608	0.0	      0.000000	72	769212	
000076	  0.501146	4474.260742	    124.214846	    124.214846	750	    124.212611	    124.225834	0.0	      0.000000	73	5305446	
000077	  0.676873	1752.741943	    124.246088	    124.246088	11233	    124.235096	    124.257076	0.0	      0.000000	73	5305446	
000078	 -1.364593	861.737976	    124.259806	    124.259806	15836	    124.248814	    124.270794	0.0	      0.000000	73	5305446	
000079	  0.880802	32310.267578	    124.290880	    124.290880	26263	    124.279889	    124.301869	0.0	      0.000000	73	5305446	
000080	  0.841752	2012.191650	    124.322769	    124.322769	36963	    124.311778	    124.333757	0.0	      0.000000	73	5305446	
000081	 -0.535857	5205.312988	    124.364307	    124.364307	50901	    124.353316	    124.375296	0.0	      0.000000	73	5305446	
000082	 -0.041220	667.511108	    124.407920	    124.407920	65535	    124.396929	    124.407920	0.0	      0.000000	73	5305446	
000083	  0.141015	4184.324219	    124.408522	    124.408522	201	    124.407923	    124.419510	0.0	      0.000000	74	7609666	
000084	  0.674703	10120.431641	    124.433997	    124.433997	8749	    124.423006	    124.444985	0.0	      0.000000	74	7609666	
000085	 -0.436062	2430.483887	    124.465141	    124.465141	19199	    124.454149	    124.476129	0.0	      0.000000	74	7609666	
000086	  0.138846	32217.755859	    124.490613	    124.490613	27746	    124.479622	    124.501601	0.0	      0.000000	74	7609666	
000087	  0.004339	548.040955	    124.504766	    124.504766	32495	    124.493775	    124.515754	0.0	      0.000000	74	7609666	
000088	 -0.015186	12342.725586	    124.516097	    124.516097	36297	    124.505105	    124.527085	0.0	      0.000000	74	7609666	
000089	  0.214777	104540.617188	    124.546802	    124.546802	46600	    124.535811	    124.557790	0.0	      0.000000	74	7609666	
000090	  0.444740	3781.330078	    124.572694	    124.572694	55288	    124.561703	    124.583682	0.0	      0.000000	74	7609666	
000091	 -0.323250	908.458191	    124.598193	    124.598193	63844	    124.587202	    124.603233	0.0	      0.000000	74	7609666	
000092	  0.880802	1402.154175	    124.617535	    124.617535	4798	    124.606544	    124.628523	0.0	      0.000000	75	2457032	
000093	 -0.229963	4109.086914	    124.640581	    124.640581	12531	    124.629590	    124.651569	0.0	      0.000000	75	2457032	
000094	  1.368932	961.539368	    124.660471	    124.660471	19205	    124.649480	    124.671459	0.0	      0.000000	75	2457032	
000095	  0.273352	13073.341797	    124.683499	    124.683499	26932	    124.672508	    124.694487	0.0	      0.000000	75	2457032	
000096	  0.269013	13073.341797	    124.683502	    124.683502	26933	    124.672511	    124.694490	0.0	      0.000000	75	2457032	
000097	 -1.134629	894.203613	    124.706736	    124.706736	34729	    124.695745	    124.717724	0.0	      0.000000	75	2457032	
000098	  0.340606	6891.160156	    124.726698	    124.726698	41427	    124.715707	    124.737686	0.0	      0.000000	75	2457032	
000099	 -0.594433	2365.558350	    124.749631	    124.749631	49122	    124.738639	    124.760619	0.0	      0.000000	75	2457032	
000100	  0.759312	1382.847900	    124.769676	    124.769676	55848	    124.758684	    124.780664	0.0	      0.000000	75	2457032	
000101	 -0.323250	2283.617676	    124.792698	    124.792698	63573	    124.781707	    124.798545	0.0	      0.000000	75	2457032	
000102	 -0.338436	2283.617676	    124.792710	    124.792710	63577	    124.781719	    124.798545	0.0	      0.000000	75	2457032	
000103	  0.188743	 26.757254	    124.865585	    124.865585	22494	    124.854594	    124.876574	0.0	      0.000000	76	104898	
000104	 -0.002169	624.442688	    124.940637	    124.940637	47677	    124.929646	    124.951625	0.0	      0.000000	76	104898	
000105	 -0.162710	2359.282471	    125.065765	    125.065765	24127	    125.054774	    125.076753	0.0	      0.000000	77	640554	
000106	  0.002169	88871.875000	    125.140479	    125.140479	49197	    125.129488	    125.151467	0.0	      0.000000	77	640554	
000107	  0.002169	1235.998535	    125.615522	    125.615522	11987	    125.604531	    125.626510	0.0	      0.000000	80	208744	
000108	 -0.130168	289.766327	    125.940779	    125.940779	55589	    125.929788	    125.951767	0.0	      0.000000	81	71403	
000109	 -1.670487	 61.619541	    125.970113	    125.970113	65432	    125.959122	    125.970420	0.0	      0.000000	81	71403	
000110	  1.316864	32327.082031	    126.042327	    126.042327	24127	    126.031336	    126.053315	0.0	      0.000000	82	8569495	
000111	  1.275645	32327.082031	    126.042330	    126.042330	24128	    126.031339	    126.053318	0.0	      0.000000	82	8569495	
000112	  0.056406	254.334198	    126.067176	    126.067176	32465	    126.056185	    126.078164	0.0	      0.000000	82	8569495	
000113	 -0.481621	67783.062500	    126.140568	    126.140568	57091	    126.129576	    126.151556	0.0	      0.000000	82	8569495	
000114	 -0.459926	 26.258045	    126.335868	    126.335868	57087	    126.324877	    126.346856	0.0	      0.000000	83	1706	
000115	  0.002169	 27.532021	    126.715526	    126.715526	53407	    126.704535	    126.726514	0.0	      0.000000	85	1060	
000116	  0.019525	 16.689899	    126.740837	    126.740837	61900	    126.729846	    126.751670	0.0	      0.000000	85	1060	
000117	 -0.121490	182.321075	    126.873812	    126.873812	40983	    126.862821	    126.884800	0.0	      0.000000	86	36114	
000118	 -0.052067	104.242332	    126.990598	    126.990598	14634	    126.979607	    127.001586	0.0	      0.000000	87	121797	
000119	  0.002169	1170.355957	    127.090531	    127.090531	48166	    127.079540	    127.101520	0.0	      0.000000	87	121797	
000120	  0.002169	270.827515	    127.145195	    127.145195	972	    127.142298	    127.156183	0.0	      0.000000	88	680660	
000121	 -0.104134	3047.436523	    127.165577	    127.165577	7811	    127.154586	    127.176565	0.0	      0.000000	88	680660	
000122	  0.043389	193.480576	    127.190578	    127.190578	16200	    127.179587	    127.201566	0.0	      0.000000	88	680660	
000123	  0.006508	 14.331841	    127.290627	    127.290627	49771	    127.279636	    127.301615	0.0	      0.000000	88	680660	
000124	  0.002169	1254.827271	    127.340495	    127.340495	968	    127.337611	    127.351484	0.0	      0.000000	89	99217	
000125	 -0.034711	13598.041992	    127.615371	    127.615371	27665	    127.604380	    127.626359	0.0	      0.000000	90	198009	
000126	 -0.544535	101.423988	    127.666238	    127.666238	44733	    127.655247	    127.677226	0.0	      0.000000	90	198009	
000127	  0.002169	 10.506042	    127.840516	    127.840516	37675	    127.829525	    127.851504	0.0	      0.000000	91	2	
000128	  0.006508	12181.407227	    127.957544	    127.957544	11407	    127.946552	    127.968532	0.0	      0.000000	92	297192	
000129	  0.002169	221.192337	    128.090504	    128.090504	56021	    128.079513	    128.101492	0.0	      0.000000	92	297192	
000130	 -0.143185	65994.867188	    128.140482	    128.140482	7255	    128.129491	    128.151470	0.0	      0.000000	93	696326	
000131	  0.013017	491.860352	    128.265855	    128.265855	49323	    128.254863	    128.276843	0.0	      0.000000	93	696326	
000132	  0.097626	23117.369141	    128.306788	    128.306788	63058	    128.295797	    128.314170	0.0	      0.000000	93	696326	
000133	 -0.824396	 28.868931	    128.323921	    128.323921	3271	    128.314173	    128.334910	0.0	      0.000000	94	29238	
000134	 -0.078101	2090.732910	    128.502163	    128.502163	63079	    128.491172	    128.509483	0.0	      0.000000	94	29238	
000135	  0.021695	 56.250103	    128.540280	    128.540280	10333	    128.529289	    128.551268	0.0	      0.000000	95	4689	
000136	  0.002169	 57.091465	    129.365438	    129.365438	25066	    129.354447	    129.376426	0.0	      0.000000	99	283	
000137	 -0.073762	312.814606	    129.565403	    129.565403	26627	    129.554412	    129.576391	0.0	      0.000000	100	43953	
000138	  0.045559	154.940063	    129.890364	    129.890364	4594	    129.879373	    129.901352	0.0	      0.000000	102	64564	
000139	  0.086779	296.648438	    129.915318	    129.915318	12967	    129.904327	    129.926306	0.0	      0.000000	102	64564	
000140	 -0.182235	144.513062	    129.990321	    129.990321	38134	    129.979330	    130.001309	0.0	      0.000000	102	64564	
000141	  0.002169	 15.092799	    130.090394	    130.090394	6177	    130.079403	    130.101383	0.0	      0.000000	103	164045	
000142	 -0.015186	274.551971	    130.115688	    130.115688	14664	    130.104697	    130.126676	0.0	      0.000000	103	164045	
000143	 -0.036881	1422.164185	    130.190337	    130.190337	39712	    130.179345	    130.201325	0.0	      0.000000	103	164045	
000144	  0.067253	 83.553337	    130.215239	    130.215239	48068	    130.204248	    130.226228	0.0	      0.000000	103	164045	
000145	 -0.069423	11177.674805	    130.764949	    130.764949	35912	    130.753958	    130.775937	0.0	      0.000000	106	182226	
000146	 -0.013017	159.471863	    130.890530	    130.890530	12514	    130.879539	    130.901518	0.0	      0.000000	107	22328	
000147	 -0.034711	31733.257812	    131.215095	    131.215095	55884	    131.204104	    131.226083	0.0	      0.000000	108	398230	
000148	  0.123659	5890.600098	    131.365144	    131.365144	40696	    131.354153	    131.376132	0.0	      0.000000	109	118687	
000149	 -0.017356	204.190598	    131.465438	    131.465438	8813	    131.454447	    131.476426	0.0	      0.000000	110	328901	
000150	 -0.336267	69270.117188	    131.590357	    131.590357	50729	    131.579366	    131.601345	0.0	      0.000000	110	328901	
000151	 -0.514163	 38.199844	    131.815728	    131.815728	60815	    131.804737	    131.826717	0.0	      0.000000	111	8352	
000152	 -0.045559	 17.732748	    131.915527	    131.915527	28766	    131.904536	    131.926516	0.0	      0.000000	112	4269	
000153	  0.104134	 21.675425	    131.965470	    131.965470	45524	    131.954479	    131.976458	0.0	      0.000000	112	4269	
000154	 -0.232133	 46.325562	    132.239950	    132.239950	6552	    132.228958	    132.250938	0.0	      0.000000	114	16029	
000155	 -0.010847	2626.394775	    132.540110	    132.540110	41733	    132.529119	    132.551098	0.0	      0.000000	115	116618	
000156	 -0.145354	 22.729336	    132.565221	    132.565221	50159	    132.554230	    132.576209	0.0	      0.000000	115	116618	
000157	  0.010847	 11.245701	    132.839942	    132.839942	11268	    132.828951	    132.850930	0.0	      0.000000	117	279544	
000158	 -0.477282	7060.102051	    132.865199	    132.865199	19743	    132.854208	    132.876187	0.0	      0.000000	117	279544	
000159	 -0.008678	797.239685	    132.957080	    132.957080	50573	    132.946089	    132.968068	0.0	      0.000000	117	279544	
000160	  0.245149	 81.825340	    133.123365	    133.123365	40833	    133.112374	    133.134353	0.0	      0.000000	118	18262	
000161	 -0.822227	3209.585938	    133.240521	    133.240521	14608	    133.229530	    133.251509	0.0	      0.000000	119	275258	
000162	  0.134507	196.924713	    133.306628	    133.306628	36790	    133.295637	    133.317616	0.0	      0.000000	119	275258	
000163	 -0.088948	51803.425781	    133.348420	    133.348420	50813	    133.337429	    133.359408	0.0	      0.000000	119	275258	
000164	 -0.036881	2199.594482	    133.594745	    133.594745	2394	    133.587611	    133.605733	0.0	      0.000000	121	55805	
000165	 -0.036881	58207.667969	    133.790049	    133.790049	2391	    133.782923	    133.801037	0.0	      0.000000	122	271864	
000166	  0.110643	387.525085	    133.848333	    133.848333	21948	    133.837342	    133.859321	0.0	      0.000000	122	271864	
000167	 -0.002169	 50.420395	    133.890179	    133.890179	35989	    133.879188	    133.901167	0.0	      0.000000	122	271864	
000168	 -0.015186	409.168457	    133.940273	    133.940273	52798	    133.929282	    133.951262	0.0	      0.000000	122	271864	
000169	 -0.002169	 39.889263	    133.990055	    133.990055	3966	    133.979064	    134.001043	0.0	      0.000000	123	838517	
000170	 -0.036881	1399.660645	    134.039870	    134.039870	20681	    134.028879	    134.050858	0.0	      0.000000	123	838517	
000171	 -0.049898	 84.068420	    134.057090	    134.057090	26459	    134.046098	    134.068078	0.0	      0.000000	123	838517	
000172	  0.143185	62981.691406	    134.139895	    134.139895	54244	    134.128904	    134.150883	0.0	      0.000000	123	838517	
000173	  0.169218	 21.624357	    134.164795	    134.164795	62599	    134.153804	    134.173545	0.0	      0.000000	123	838517	
000174	  0.080270	258.326935	    134.340253	    134.340253	55937	    134.329262	    134.351241	0.0	      0.000000	124	32517	
000175	  0.295047	21457.322266	    134.439823	    134.439823	23811	    134.428832	    134.450811	0.0	      0.000000	125	128297	
000176	  0.002169	283.534058	    134.569347	    134.569347	1736	    134.564173	    134.580335	0.0	      0.000000	126	52377	
000177	  0.002169	 88.914360	    134.640136	    134.640136	25489	    134.629145	    134.651124	0.0	      0.000000	126	52377	
000178	  0.002169	3539.620117	    134.764647	    134.764647	1732	    134.759486	    134.775635	0.0	      0.000000	127	87118	
000179	  0.193082	 48.302822	    134.798485	    134.798485	13086	    134.787494	    134.809473	0.0	      0.000000	127	87118	
000180	 -0.047728	1213.898926	    135.065514	    135.065514	37150	    135.054523	    135.076502	0.0	      0.000000	128	302514	
000181	 -0.245149	2836.449951	    135.140100	    135.140100	62177	    135.129109	    135.150108	0.0	      0.000000	128	302514	
000182	 -0.234302	 92.085670	    135.335398	    135.335398	62172	    135.324406	    135.345420	0.0	      0.000000	129	12501	
000183	 -0.004339	181.614120	    135.381731	    135.381731	12183	    135.370740	    135.392719	0.0	      0.000000	130	10684	
000184	  0.004339	 10.079870	    135.656720	    135.656720	38918	    135.645729	    135.667708	0.0	      0.000000	131	1	
000185	 -0.004339	 18.641142	    135.765311	    135.765311	9819	    135.754320	    135.776299	0.0	      0.000000	132	208415	
000186	  0.015186	38740.671875	    135.889804	    135.889804	51592	    135.878813	    135.900792	0.0	      0.000000	132	208415	
000187	 -0.355792	 30.934202	    136.040184	    136.040184	36515	    136.029193	    136.051172	0.0	      0.000000	133	515342	
000188	 -0.700737	37445.136719	    136.073509	    136.073509	47697	    136.062518	    136.084497	0.0	      0.000000	133	515342	
000189	 -0.084609	483.726807	    136.140200	    136.140200	4539	    136.129209	    136.151188	0.0	      0.000000	134	104367	
000190	 -0.722431	 39.707756	    136.407035	    136.407035	28538	    136.396044	    136.418024	0.0	      0.000000	135	167820	
000191	  0.036881	13662.165039	    136.489811	    136.489811	56313	    136.478820	    136.500800	0.0	      0.000000	135	167820	
000192	 -0.264675	106.562843	    136.516762	    136.516762	65356	    136.505771	    136.517295	0.0	      0.000000	135	167820	
000193	  0.585755	11965.187500	    136.533391	    136.533391	5400	    136.522400	    136.544379	0.0	      0.000000	136	6143711	
000194	  0.644331	2223.464111	    136.550554	    136.550554	11159	    136.539563	    136.561543	0.0	      0.000000	136	6143711	
000195	  0.065084	2038.776245	    136.573326	    136.573326	18800	    136.562335	    136.584315	0.0	      0.000000	136	6143711	
000196	 -0.449079	443.426514	    136.623132	    136.623132	35512	    136.612141	    136.634120	0.0	      0.000000	136	6143711	
000197	 -0.275522	229485.906250	    136.640209	    136.640209	41242	    136.629218	    136.651197	0.0	      0.000000	136	6143711	
000198	 -0.141015	 93.957832	    136.657318	    136.657318	46983	    136.646327	    136.668306	0.0	      0.000000	136	6143711	
000199	  0.733279	 23.053476	    136.673936	    136.673936	52559	    136.662945	    136.684924	0.0	      0.000000	136	6143711	
000200	  0.481621	 21.761902	    136.694366	    136.694366	59414	    136.683375	    136.705354	0.0	      0.000000	136	6143711	
000201	  0.078101	 32.357136	    136.866513	    136.866513	51641	    136.855522	    136.877501	0.0	      0.000000	137	8851244	
000202	 -3.117519	 72.738968	    137.067798	    137.067798	53645	    137.056807	    137.078786	0.0	      0.000000	138	10068740	
000203	 -2.134752	310.178406	    137.883764	    137.883764	65294	    137.872773	    137.884483	0.0	      0.000000	142	508214	
000204	  1.353745	 26.778753	    137.884498	    137.884498	4	    137.884486	    137.895486	0.0	      0.000000	143	108427	
000205	 -0.271183	 63.203304	    137.980670	    137.980670	32274	    137.969679	    137.991658	0.0	      0.000000	143	108427	
000206	  3.876832	 12.266040	    138.047692	    138.047692	54763	    138.036701	    138.058680	0.0	      0.000000	143	108427	
000207	 -3.056774	 29.683069	    138.078713	    138.078713	65172	    138.067722	    138.079795	0.0	      0.000000	143	108427	
000208	  0.587925	353.310883	    138.080060	    138.080060	88	    138.079798	    138.091048	0.0	      0.000000	144	6340587	
000209	 -3.147892	307.221619	    138.274047	    138.274047	65179	    138.263056	    138.275108	0.0	      0.000000	144	6340587	
000210	  0.004339	 22.860521	    140.089834	    140.089834	19096	    140.078843	    140.100822	0.0	      0.000000	154	15	
000211	  0.073762	 13.835309	    143.839571	    143.839571	32115	    143.828580	    143.850559	0.0	      0.000000	173	31	
000212	 -0.002169	 35.543049	    144.265061	    144.265061	43814	    144.254070	    144.276050	0.0	      0.000000	175	12133	
000213	  0.095456	 45.794907	    144.356921	    144.356921	9101	    144.345930	    144.367909	0.0	      0.000000	176	1737054	
000214	  0.002169	13937.301758	    144.495603	    144.495603	55635	    144.484612	    144.506591	0.0	      0.000000	176	1737054	
000215	  0.004339	5009.043945	    144.569582	    144.569582	14922	    144.558591	    144.580570	0.0	      0.000000	177	990220	
000216	  0.002169	 45.460655	    144.889214	    144.889214	56637	    144.878223	    144.900203	0.0	      0.000000	178	84345	
000217	 -0.861277	 66.179863	    145.289069	    145.289069	59734	    145.278078	    145.300057	0.0	      0.000000	180	22218	
000218	 -0.086779	 43.942631	    145.439488	    145.439488	44670	    145.428496	    145.450476	0.0	      0.000000	181	2058	
000219	  0.143185	 44.602676	    145.589170	    145.589170	29359	    145.578179	    145.600158	0.0	      0.000000	182	4421073	
000220	  0.010847	 14.446407	    145.639774	    145.639774	46339	    145.628783	    145.650762	0.0	      0.000000	182	4421073	
000221	  0.127998	237.924530	    145.689079	    145.689079	62883	    145.678088	    145.696983	0.0	      0.000000	182	4421073	
000222	  0.069423	139.671478	    145.701691	    145.701691	1579	    145.696986	    145.712679	0.0	      0.000000	183	36104	
000223	 -0.002169	 21.160837	    145.763081	    145.763081	22178	    145.752090	    145.774069	0.0	      0.000000	183	36104	
000224	  0.449079	 36.959354	    145.789420	    145.789420	31016	    145.778429	    145.800409	0.0	      0.000000	183	36104	
000225	  0.080270	 88.035942	    145.814237	    145.814237	39343	    145.803246	    145.825225	0.0	      0.000000	183	36104	
000226	 -0.067253	 20.682476	    145.884529	    145.884529	62929	    145.873538	    145.892295	0.0	      0.000000	183	36104	
000227	 -3.768358	 27.502262	    146.000418	    146.000418	36279	    145.989427	    146.011406	0.0	      0.000000	184	121292	
000228	 -1.859230	 52.789104	    146.036294	    146.036294	48317	    146.025303	    146.047282	0.0	      0.000000	184	121292	
000229	  0.008678	106.513718	    146.726924	    146.726924	17910	    146.715933	    146.737912	0.0	      0.000000	188	175834	
000230	 -0.388334	 38.490105	    147.388089	    147.388089	43152	    147.377097	    147.399077	0.0	      0.000000	191	5753	
000231	  0.008678	 21.079018	    147.448116	    147.448116	63294	    147.437125	    147.454795	0.0	      0.000000	191	5753	
000232	  0.019525	 14.446147	    147.455314	    147.455314	173	    147.454798	    147.466302	0.0	      0.000000	192	37660	
000233	  0.282030	 40.631294	    147.622529	    147.622529	56281	    147.611537	    147.633517	0.0	      0.000000	192	37660	
000234	 -2.750880	 22.033339	    147.650090	    147.650090	65529	    147.639099	    147.650108	0.0	      0.000000	192	37660	
000235	  2.811625	 27.826937	    147.654846	    147.654846	1589	    147.650111	    147.665834	0.0	      0.000000	193	28320	
000236	  0.203930	264.117157	    147.822225	    147.822225	57752	    147.811234	    147.833213	0.0	      0.000000	193	28320	
000237	  1.013139	2662.540771	    147.989479	    147.989479	48337	    147.978487	    148.000467	0.0	      0.000000	194	67154	
000238	  0.004339	 21.778145	    148.102364	    148.102364	20679	    148.091373	    148.113352	0.0	      0.000000	195	1159	
000239	  0.002169	 85.153244	    148.304924	    148.304924	23111	    148.293933	    148.315912	0.0	      0.000000	196	74427	
000240	  0.006508	133.708557	    148.376816	    148.376816	47234	    148.365825	    148.387804	0.0	      0.000000	196	74427	
000241	  0.021695	 14.036010	    148.448157	    148.448157	5636	    148.437166	    148.459145	0.0	      0.000000	197	12134	
000242	  0.002169	 20.433207	    148.589530	    148.589530	53073	    148.578539	    148.600519	0.0	      0.000000	197	12134	
000243	  3.050266	 20.084396	    148.604894	    148.604894	58228	    148.593902	    148.615882	0.0	      0.000000	197	12134	
000244	  0.008678	266.823517	    149.104905	    149.104905	29396	    149.093914	    149.115893	0.0	      0.000000	200	1568872	
000245	 -0.004339	 92.870918	    149.473530	    149.473530	22014	    149.462539	    149.484518	0.0	      0.000000	202	304445	
000246	  0.898158	1025.129517	    149.838814	    149.838814	13511	    149.827823	    149.849802	0.0	      0.000000	204	14377	
000247	 -0.002169	520.313477	    150.089276	    150.089276	32016	    150.078285	    150.100264	0.0	      0.000000	205	5901	
000248	  0.833074	323.791656	    150.544613	    150.544613	53730	    150.533622	    150.555602	0.0	      0.000000	207	468535	
000249	  0.060745	6497.591309	    150.989714	    150.989714	6473	    150.978723	    151.000702	0.0	      0.000000	210	102966	
000250	 -0.269013	937.198181	    151.289394	    151.289394	41493	    151.278403	    151.300382	0.0	      0.000000	211	58581	
000251	 -0.692059	 13.287988	    151.339969	    151.339969	58463	    151.328978	    151.350957	0.0	      0.000000	211	58581	
000252	  0.078101	4447.071289	    151.687989	    151.687989	44167	    151.676997	    151.698977	0.0	      0.000000	213	186999	
000253	  0.002169	 39.236191	    154.264068	    154.264068	56588	    154.253077	    154.275057	0.0	      0.000000	226	123	
000254	  0.002169	 12.621565	    155.079889	    155.079889	2652	    155.071986	    155.090877	0.0	      0.000000	231	3	
000255	  0.034711	 12.057860	    155.589029	    155.589029	42419	    155.578038	    155.600017	0.0	      0.000000	233	30	
000256	  0.039050	582.916870	    155.888179	    155.888179	11725	    155.877188	    155.899167	0.0	      0.000000	235	164459	
000257	  0.002169	 55.351040	    156.338927	    156.338927	31899	    156.327936	    156.349915	0.0	      0.000000	237	1764409	
000258	 -0.132337	10145.682617	    156.388467	    156.388467	48522	    156.377476	    156.399456	0.0	      0.000000	237	1764409	
000259	 -0.052067	 19.577433	    156.463876	    156.463876	8289	    156.452885	    156.474864	0.0	      0.000000	238	107130	
000260	  0.017356	 23.710217	    156.513086	    156.513086	24801	    156.502095	    156.524074	0.0	      0.000000	238	107130	
000261	 -0.006508	237.426239	    156.538904	    156.538904	33464	    156.527912	    156.549892	0.0	      0.000000	238	107130	
000262	 -0.355792	431.729279	    156.613886	    156.613886	58624	    156.602895	    156.624874	0.0	      0.000000	238	107130	
000263	  0.008678	 29.069098	    156.638798	    156.638798	1447	    156.634486	    156.649786	0.0	      0.000000	239	336300	
000264	 -0.002169	250.751266	    156.663892	    156.663892	9867	    156.652900	    156.674880	0.0	      0.000000	239	336300	
000265	 -0.073762	 66.317978	    156.688881	    156.688881	18252	    156.677890	    156.699869	0.0	      0.000000	239	336300	
000266	  0.091117	206.089630	    156.738841	    156.738841	35016	    156.727850	    156.749830	0.0	      0.000000	239	336300	
000267	 -0.002169	 12.574669	    156.763863	    156.763863	43412	    156.752872	    156.774852	0.0	      0.000000	239	336300	
000268	 -0.067253	666.024353	    156.813618	    156.813618	60107	    156.802627	    156.824607	0.0	      0.000000	239	336300	
000269	 -0.004339	2162.772217	    156.838816	    156.838816	3026	    156.829798	    156.849804	0.0	      0.000000	240	5234439	
000270	  0.019525	253449.515625	    156.888860	    156.888860	19818	    156.877869	    156.899848	0.0	      0.000000	240	5234439	
000271	  0.021695	 25.593159	    156.963789	    156.963789	44960	    156.952798	    156.974777	0.0	      0.000000	240	5234439	
000272	 -3.458125	 10.906913	    157.288927	    157.288927	22986	    157.277936	    157.299915	0.0	      0.000000	242	1763	
000273	  0.327589	3677.399170	    157.463530	    157.463530	16037	    157.452538	    157.474518	0.0	      0.000000	243	110432	
000274	 -0.002169	 19.436991	    157.797381	    157.797381	62523	    157.786390	    157.806358	0.0	      0.000000	244	289	
000275	  0.010847	37560.871094	    157.954943	    157.954943	49856	    157.943952	    157.965931	0.0	      0.000000	245	13625840	
000276	 -0.032542	 10.359820	    158.013615	    158.013615	4007	    158.002624	    158.024603	0.0	      0.000000	246	227	
000277	 -0.030372	 19.163454	    158.038694	    158.038694	12422	    158.027702	    158.049682	0.0	      0.000000	246	227	
000278	  0.002169	 56.296551	    159.714034	    159.714034	50285	    159.703043	    159.725022	0.0	      0.000000	254	1239	
000279	 -0.017356	 50.449528	    159.838703	    159.838703	26581	    159.827712	    159.849691	0.0	      0.000000	255	921	
000280	  0.002169	 66.314133	    160.088718	    160.088718	44936	    160.077727	    160.099706	0.0	      0.000000	256	240	
000281	  0.008678	 59.155014	    160.213303	    160.213303	21204	    160.202312	    160.224292	0.0	      0.000000	257	3161	
000282	  0.060745	286848.000000	    160.543337	    160.543337	873	    160.540736	    160.554325	0.0	      0.000000	259	1586709	
000283	 -0.080270	 19.398487	    160.716879	    160.716879	59104	    160.705888	    160.727867	0.0	      0.000000	259	1586709	
000284	  0.028203	181409.750000	    160.738659	    160.738659	876	    160.736048	    160.749647	0.0	      0.000000	260	12960015	
000285	 -0.034711	246.897003	    160.788652	    160.788652	17651	    160.777661	    160.799640	0.0	      0.000000	260	12960015	
000286	 -0.013017	 85.886887	    160.813734	    160.813734	26067	    160.802743	    160.824722	0.0	      0.000000	260	12960015	
000287	 -0.017356	395.979279	    160.838672	    160.838672	34435	    160.827681	    160.849660	0.0	      0.000000	260	12960015	
000288	  0.028203	64131.105469	    160.863775	    160.863775	42858	    160.852784	    160.874763	0.0	      0.000000	260	12960015	
000289	 -0.030372	26444.517578	    160.888669	    160.888669	51211	    160.877678	    160.899657	0.0	      0.000000	260	12960015	
000290	 -0.034711	1583766.250000	    160.913628	    160.913628	59586	    160.902637	    160.924616	0.0	      0.000000	260	12960015	
000291	  0.028203	346.671967	    160.963765	    160.963765	10873	    160.952774	    160.974753	0.0	      0.000000	261	13793836	
000292	  0.002169	3506923.750000	    161.013669	    161.013669	27618	    161.002678	    161.024657	0.0	      0.000000	261	13793836	
000293	  0.052067	555476.875000	    161.038715	    161.038715	36022	    161.027723	    161.049703	0.0	      0.000000	261	13793836	
000294	 -0.034711	3273.034424	    161.108932	    161.108932	59583	    161.097941	    161.119920	0.0	      0.000000	261	13793836	
000295	  0.004339	19654.085938	    161.326638	    161.326638	1561	    161.321986	    161.337626	0.0	      0.000000	263	10040906	
000296	 -0.002169	 33.920612	    161.517137	    161.517137	65482	    161.506146	    161.517295	0.0	      0.000000	263	10040906	
000297	  0.017356	8042.749023	    161.530328	    161.530328	4372	    161.519337	    161.541316	0.0	      0.000000	264	13106995	
000298	  0.010847	 29.230324	    161.588594	    161.588594	23923	    161.577603	    161.599582	0.0	      0.000000	264	13106995	
000299	  0.013017	 68.769173	    161.661967	    161.661967	48543	    161.650976	    161.672956	0.0	      0.000000	264	13106995	
000300	  1.186697	 82.499268	    161.713230	    161.713230	208	    161.712611	    161.724219	0.0	      0.000000	265	8261	
000301	 -0.002169	 22.692730	    161.738333	    161.738333	8631	    161.727342	    161.749321	0.0	      0.000000	265	8261	
000302	 -0.002169	221.292297	    162.063748	    162.063748	52286	    162.052756	    162.074736	0.0	      0.000000	266	9973249	
000303	 -0.186574	240.849136	    162.113750	    162.113750	3528	    162.103236	    162.124738	0.0	      0.000000	267	10237351	
000304	  0.041220	 23.764923	    162.338877	    162.338877	13532	    162.327885	    162.349865	0.0	      0.000000	268	510	
000305	 -0.002169	100.459465	    162.588578	    162.588578	31782	    162.577587	    162.599566	0.0	      0.000000	269	334	
000306	  0.147524	 16.513981	    163.338938	    163.338938	21417	    163.327947	    163.349926	0.0	      0.000000	273	866	
000307	  0.151862	 20.299606	    163.364017	    163.364017	29832	    163.353026	    163.375005	0.0	      0.000000	273	866	
000308	 -0.754973	 12.512906	    163.564041	    163.564041	31413	    163.553050	    163.575029	0.0	      0.000000	274	518	
000309	 -0.065084	 11.256288	    163.688212	    163.688212	7542	    163.677221	    163.699201	0.0	      0.000000	275	866	
000310	 -0.169218	 21.362362	    163.713357	    163.713357	15979	    163.702366	    163.724345	0.0	      0.000000	275	866	
000311	 -0.032542	 13.433636	    163.813326	    163.813326	49523	    163.802335	    163.824314	0.0	      0.000000	275	866	
000312	  0.073762	 40.158401	    164.713001	    164.713001	23724	    164.702010	    164.723989	0.0	      0.000000	280	6044	
000313	 -0.004339	 33.857128	    165.106594	    165.106594	24720	    165.095603	    165.117583	0.0	      0.000000	282	77	
000314	 -0.008678	 62.115715	    165.913027	    165.913027	33170	    165.902036	    165.924016	0.0	      0.000000	286	2582	
000315	 -0.026034	1284.145996	    166.188428	    166.188428	60043	    166.177437	    166.199416	0.0	      0.000000	287	240274	
000316	  0.021695	732.014832	    166.225663	    166.225663	7001	    166.214672	    166.236651	0.0	      0.000000	288	642910	
000317	  0.062914	269.180450	    166.238141	    166.238141	11188	    166.227150	    166.249129	0.0	      0.000000	288	642910	
000318	 -0.101965	 32.330605	    166.254246	    166.254246	16592	    166.243255	    166.265234	0.0	      0.000000	288	642910	
000319	  0.282030	101.347496	    166.288352	    166.288352	28036	    166.277361	    166.299340	0.0	      0.000000	288	642910	
000320	  0.058576	157.768326	    166.313273	    166.313273	36398	    166.302281	    166.324261	0.0	      0.000000	288	642910	
000321	  0.002169	107.535110	    166.351098	    166.351098	49090	    166.340107	    166.362086	0.0	      0.000000	288	642910	
000322	  0.002169	 21.862976	    166.375595	    166.375595	57310	    166.364604	    166.386583	0.0	      0.000000	288	642910	
000323	  0.026034	326.132690	    166.413376	    166.413376	4451	    166.402385	    166.424364	0.0	      0.000000	289	29480	
000324	  0.112812	974.923767	    166.625953	    166.625953	10244	    166.614961	    166.636941	0.0	      0.000000	290	42501	
000325	  0.002169	 51.542953	    166.755012	    166.755012	53549	    166.744020	    166.766000	0.0	      0.000000	290	42501	
000326	  0.006508	 38.986866	    166.888088	    166.888088	32666	    166.877097	    166.899076	0.0	      0.000000	291	27272	
000327	  0.002169	2117.810059	    167.013034	    167.013034	9055	    167.002043	    167.024022	0.0	      0.000000	292	3048445	
000328	  0.481621	318.250336	    167.125192	    167.125192	46689	    167.114201	    167.136180	0.0	      0.000000	292	3048445	
000329	  0.004339	 44.466293	    167.188793	    167.188793	2494	    167.181361	    167.199781	0.0	      0.000000	293	4756	
000330	  0.062914	332.032013	    167.388075	    167.388075	3826	    167.377084	    167.399064	0.0	      0.000000	294	266717	
000331	 -0.002169	763.703064	    168.000924	    168.000924	12856	    167.989933	    168.011913	0.0	      0.000000	297	6880457	
000332	 -0.002169	101.278801	    168.155303	    168.155303	64657	    168.144312	    168.157920	0.0	      0.000000	297	6880457	
000333	 -0.002169	140.847641	    168.350604	    168.350604	64653	    168.339613	    168.353233	0.0	      0.000000	298	186	
000334	  0.013017	 31.599108	    168.704140	    168.704140	52208	    168.693149	    168.715128	0.0	      0.000000	300	20008	
000335	 -0.002169	 16.538269	    168.838230	    168.838230	31665	    168.827239	    168.849218	0.0	      0.000000	301	8	
000336	  0.032542	4036.413086	    169.178930	    169.178930	14913	    169.167939	    169.189918	0.0	      0.000000	303	7924032	
000337	 -0.008678	139.223984	    169.350499	    169.350499	6946	    169.339508	    169.361487	0.0	      0.000000	304	47834	
000338	 -0.080270	 55.292446	    169.719523	    169.719523	65234	    169.708532	    169.720420	0.0	      0.000000	305	58334	
000339	  0.010847	164.733871	    169.777140	    169.777140	19031	    169.766149	    169.788128	0.0	      0.000000	306	12834759	
000340	  0.006508	 97.696487	    169.804141	    169.804141	28091	    169.793150	    169.815129	0.0	      0.000000	306	12834759	
000341	  0.002169	3847.171631	    169.891769	    169.891769	57494	    169.880777	    169.902757	0.0	      0.000000	306	12834759	
000342	  0.010847	4012.607178	    170.088157	    170.088157	57855	    170.077166	    170.099145	0.0	      0.000000	307	1839842	
000343	  1.010970	 33.882774	    170.349997	    170.349997	14642	    170.339006	    170.360985	0.0	      0.000000	309	62769	
000344	  0.004339	 15.298751	    170.650792	    170.650792	50036	    170.639801	    170.661780	0.0	      0.000000	310	29	
000345	  0.008678	 14.584985	    171.491861	    171.491861	4572	    171.480870	    171.502849	0.0	      0.000000	315	14	
000346	 -0.383995	150.681900	    171.862817	    171.862817	63508	    171.851826	    171.868858	0.0	      0.000000	316	9337	
000347	  0.004339	 11.712433	    171.963054	    171.963054	31606	    171.952063	    171.974042	0.0	      0.000000	317	7431	
000348	  0.002169	 11.198623	    172.036549	    172.036549	56267	    172.025558	    172.047537	0.0	      0.000000	317	7431	
000349	 -0.407859	 56.102280	    172.058117	    172.058117	63504	    172.047126	    172.064170	0.0	      0.000000	317	7431	
000350	  0.008678	5719.063477	    172.344208	    172.344208	28428	    172.333217	    172.355196	0.0	      0.000000	319	548132	
000351	  0.002169	 65.852364	    172.511563	    172.511563	19047	    172.500571	    172.522551	0.0	      0.000000	320	9859	
000352	 -0.121490	 25.025085	    172.687304	    172.687304	12480	    172.676313	    172.698292	0.0	      0.000000	321	29999	
000353	 -0.075931	132.536087	    172.719228	    172.719228	23192	    172.708237	    172.730216	0.0	      0.000000	321	29999	
000354	 -0.010847	576.884766	    173.156524	    173.156524	38852	    173.145532	    173.167512	0.0	      0.000000	323	243704	
000355	  0.227794	4011.120361	    173.187291	    173.187291	49176	    173.176300	    173.198280	0.0	      0.000000	323	243704	
000356	 -0.004339	693.945007	    173.612845	    173.612845	60896	    173.601854	    173.623833	0.0	      0.000000	325	79865	
000357	 -0.253827	 15.019121	    173.737323	    173.737323	37128	    173.726332	    173.748311	0.0	      0.000000	326	66	
000358	 -0.004339	 10.486223	    173.808145	    173.808145	60892	    173.797154	    173.819134	0.0	      0.000000	326	66	
000359	  1.555505	 11.274010	    173.862243	    173.862243	13508	    173.851251	    173.873231	0.0	      0.000000	327	1021	
000360	  0.002169	 35.036995	    175.087881	    175.087881	31548	    175.076890	    175.098869	0.0	      0.000000	333	189	
000361	  0.798363	 10.444854	    175.145936	    175.145936	51028	    175.134945	    175.156924	0.0	      0.000000	333	189	
000362	  0.203930	 20.998957	    177.338946	    177.338946	448	    177.337611	    177.349934	0.0	      0.000000	345	383	
000363	 -1.112935	 96.379250	    178.237548	    178.237548	39825	    178.226557	    178.248536	0.0	      0.000000	349	14513	
000364	  0.002169	115.571068	    180.087602	    180.087602	5240	    180.076611	    180.098590	0.0	      0.000000	359	1743	
000365	 -0.030372	 21.612057	    180.105159	    180.105159	11131	    180.094167	    180.116147	0.0	      0.000000	359	1743	
000366	  0.034711	 13.149776	    181.060213	    181.060213	3914	    181.049222	    181.071201	0.0	      0.000000	364	2431214	
000367	 -0.002169	1338.143311	    181.240162	    181.240162	64295	    181.229171	    181.243858	0.0	      0.000000	364	2431214	
000368	 -0.002169	 45.000217	    182.986805	    182.986805	60547	    182.975814	    182.997793	0.0	      0.000000	373	4698985	
000369	 -0.002169	863.569702	    184.560042	    184.560042	64150	    184.549051	    184.564170	0.0	      0.000000	381	2565596	
000370	  0.184404	 68.113762	    187.362876	    187.362876	21585	    187.351885	    187.373865	0.0	      0.000000	396	6850	
000371	  0.034711	 14.416297	    187.388050	    187.388050	30032	    187.377059	    187.399039	0.0	      0.000000	396	6850	
000372	 -0.002169	262.597931	    187.587184	    187.587184	31314	    187.576192	    187.598172	0.0	      0.000000	397	2147	
000373	 -0.075931	 18.906845	    187.812227	    187.812227	41290	    187.801236	    187.823215	0.0	      0.000000	398	1787	
000374	  0.006508	 12.924261	    188.092136	    188.092136	4140	    188.081145	    188.103124	0.0	      0.000000	400	7	
000375	  0.097626	 21.766668	    188.410359	    188.410359	45382	    188.399368	    188.421348	0.0	      0.000000	401	1550	
000376	  0.002169	10476.861328	    190.087044	    190.087044	18160	    190.076053	    190.098032	0.0	      0.000000	410	1970252	
