# -------------------------- o --------------------------
# File ID: TIC142090065.bary.0000.h5 
# -------------------------- o --------------------------
# Source:UNKNOWN
# MJD: 59402.424777371205	RA: 5h16m17.64101719s	DEC: 79d44m01.05622069s
# DELTAT:   0.671089	DELTAF(Hz):   2.980232
# --------------------------
# Top_Hit_# 	Drift_Rate 	SNR 	Uncorrected_Frequency 	Corrected_Frequency 	Index 	freq_start 	freq_end 	SEFD 	SEFD_freq 	Coarse_Channel_Number 	Full_number_of_hits 	
# --------------------------
001	  0.284800	 59.573473	    110.071077	    110.071077	37499	    110.062885	    110.079264	0.0	      0.000000	0	7589	
002	  0.000000	137.500914	    110.096037	    110.096037	45874	    110.087844	    110.104224	0.0	      0.000000	0	7589	
003	 -2.801637	 27.593295	    111.040434	    111.040434	35081	    111.032241	    111.048620	0.0	      0.000000	5	46410	
004	 -2.076390	411.898405	    111.050424	    111.050424	38433	    111.042231	    111.058610	0.0	      0.000000	5	46410	
005	  0.235126	 11.681893	    111.070701	    111.070701	45237	    111.062508	    111.078888	0.0	      0.000000	5	46410	
006	 -1.099460	 42.861466	    111.296659	    111.296659	55520	    111.288467	    111.304846	0.0	      0.000000	6	6527	
007	 -0.185451	 12.304994	    111.796507	    111.796507	26633	    111.788314	    111.804693	0.0	      0.000000	9	503	
008	  0.000000	 13.395745	    111.915886	    111.915886	1154	    111.912447	    111.924073	0.0	      0.000000	10	22	
009	  0.000000	 32.396936	    112.094420	    112.094420	61060	    112.086227	    112.102606	0.0	      0.000000	10	22	
010	  0.000000	 54.503252	    112.596002	    112.596002	32755	    112.587809	    112.604188	0.0	      0.000000	13	83	
011	 -1.735293	258.602466	    113.396927	    113.396927	39357	    113.388735	    113.405114	0.0	      0.000000	17	64833	
012	 -2.818195	 65.981889	    114.696580	    114.696580	16696	    114.688387	    114.704766	0.0	      0.000000	24	14502	
013	 -1.662437	 78.988673	    114.996805	    114.996805	51899	    114.988613	    115.004992	0.0	      0.000000	25	11839	
014	 -1.089525	 64.821837	    115.896630	    115.896630	26150	    115.888437	    115.904817	0.0	      0.000000	30	15720	
015	 -2.645990	 20.979974	    117.296040	    117.296040	36962	    117.287847	    117.304226	0.0	      0.000000	37	1759	
016	  0.006623	228.837345	    117.496383	    117.496383	38650	    117.488190	    117.504569	0.0	      0.000000	38	14318	
017	  0.000000	 12.679744	    117.595988	    117.595988	6536	    117.587795	    117.604175	0.0	      0.000000	39	5	
018	 -1.536595	 11.582085	    118.695989	    118.695989	47955	    118.687796	    118.704175	0.0	      0.000000	44	35	
019	  0.000000	 24.242405	    119.170907	    119.170907	10703	    119.162714	    119.179093	0.0	      0.000000	47	54	
020	  0.000000	 64.149058	    120.095890	    120.095890	58932	    120.087698	    120.104077	0.0	      0.000000	51	308	
021	 -0.549730	226830.153221	    120.137462	    120.137462	7345	    120.129269	    120.145648	0.0	      0.000000	52	1575481	
022	  0.000000	 60.294797	    120.820969	    120.820969	40084	    120.812776	    120.829156	0.0	      0.000000	55	118256	
023	  0.192074	8465.575900	    120.845896	    120.845896	48448	    120.837703	    120.854082	0.0	      0.000000	55	118256	
024	 -2.960595	 24.165237	    121.021875	    121.021875	41961	    121.013683	    121.030062	0.0	      0.000000	56	2664	
025	  0.026493	1179.277274	    121.195983	    121.195983	34846	    121.187791	    121.204170	0.0	      0.000000	57	43012	
026	  0.000000	 42.867642	    121.895870	    121.895870	7545	    121.887677	    121.904057	0.0	      0.000000	61	3396	
027	 -1.695553	2032.826887	    122.096076	    122.096076	9187	    122.087883	    122.104263	0.0	      0.000000	62	171375	
028	  0.000000	393.730475	    122.195884	    122.195884	42677	    122.187691	    122.204071	0.0	      0.000000	62	171375	
029	 -2.602939	 11.318323	    122.896644	    122.896644	15669	    122.888451	    122.904831	0.0	      0.000000	66	42	
030	  0.192074	958410.271778	    123.070371	    123.070371	8426	    123.062178	    123.078557	0.0	      0.000000	67	3391630	
031	 -0.622586	 12.800952	    123.095962	    123.095962	17013	    123.087769	    123.104149	0.0	      0.000000	67	3391630	
032	  0.294735	120.122598	    123.163673	    123.163673	39733	    123.155480	    123.171860	0.0	      0.000000	67	3391630	
033	 -0.566288	 19.285743	    123.172915	    123.172915	42834	    123.164722	    123.181101	0.0	      0.000000	67	3391630	
034	  0.168893	8921.575262	    123.870760	    123.870760	14848	    123.862567	    123.878946	0.0	      0.000000	71	173115	
035	 -0.337786	 39.486784	    124.539807	    124.539807	42735	    124.531614	    124.547994	0.0	      0.000000	74	22132	
036	 -0.692130	 15.220020	    124.607586	    124.607586	65478	    124.599394	    124.607756	0.0	      0.000000	74	22132	
037	  0.980242	78556.891224	    124.628692	    124.628692	7024	    124.620500	    124.636879	0.0	      0.000000	75	4910229	
038	  2.318139	12708.829907	    124.656888	    124.656888	16485	    124.648696	    124.665075	0.0	      0.000000	75	4910229	
039	  3.556688	2123.095143	    124.685081	    124.685081	25945	    124.676889	    124.693268	0.0	      0.000000	75	4910229	
040	 -3.758697	1418.978845	    124.711212	    124.711212	34713	    124.703019	    124.719399	0.0	      0.000000	75	4910229	
041	 -3.083125	4038.183581	    124.739414	    124.739414	44176	    124.731221	    124.747601	0.0	      0.000000	75	4910229	
042	 -1.695553	22361.636038	    124.767610	    124.767610	53637	    124.759417	    124.775797	0.0	      0.000000	75	4910229	
043	 -0.198698	147620.698455	    124.795803	    124.795803	63097	    124.787610	    124.803069	0.0	      0.000000	75	4910229	
044	  3.858046	 26.017376	    124.810647	    124.810647	2542	    124.803072	    124.818834	0.0	      0.000000	76	2596042	
045	  3.748762	17308.654650	    124.823996	    124.823996	7021	    124.815803	    124.832183	0.0	      0.000000	76	2596042	
046	  2.285023	286.838594	    124.852198	    124.852198	16484	    124.844005	    124.860385	0.0	      0.000000	76	2596042	
047	 -0.082791	 18.026800	    124.880397	    124.880397	25946	    124.872204	    124.888584	0.0	      0.000000	76	2596042	
048	 -0.413953	 33.126272	    124.923801	    124.923801	40510	    124.915608	    124.931988	0.0	      0.000000	76	2596042	
049	 -1.745228	 34.123044	    124.934721	    124.934721	44174	    124.926528	    124.942907	0.0	      0.000000	76	2596042	
050	 -3.463962	555.654324	    124.962922	    124.962922	53637	    124.954730	    124.971109	0.0	      0.000000	76	2596042	
051	 -0.433823	2543914.488103	    124.991115	    124.991115	63097	    124.982923	    124.998381	0.0	      0.000000	76	2596042	
052	 -0.003312	681.675598	    125.106292	    125.106292	36208	    125.098100	    125.114479	0.0	      0.000000	77	200426	
053	 -0.139088	 12.417037	    125.307795	    125.307795	38285	    125.299602	    125.315982	0.0	      0.000000	78	385	
054	  0.000000	 13.845105	    125.570845	    125.570845	61014	    125.562652	    125.579032	0.0	      0.000000	79	5	
055	  0.000000	 22.584492	    125.825798	    125.825798	15490	    125.817605	    125.833985	0.0	      0.000000	81	14	
056	  0.132465	3278.212609	    125.975099	    125.975099	51	    125.974947	    125.983285	0.0	      0.000000	82	916	
057	  0.046363	3737.757755	    126.170456	    126.170456	66	    126.170259	    126.178643	0.0	      0.000000	83	1033	
058	 -0.129153	336.128433	    126.395842	    126.395842	10157	    126.387649	    126.404029	0.0	      0.000000	84	29732	
059	 -0.086102	 12.983960	    126.870358	    126.870358	38306	    126.862165	    126.878544	0.0	      0.000000	86	548	
060	  0.000000	 22.856094	    127.095773	    127.095773	48407	    127.087581	    127.103960	0.0	      0.000000	87	389	
061	 -0.043051	 10.548077	    127.550509	    127.550509	4383	    127.542316	    127.558696	0.0	      0.000000	90	336744	
062	  0.000000	9478.223687	    127.595782	    127.595782	19574	    127.587589	    127.603969	0.0	      0.000000	90	336744	
063	 -0.019870	2309.719062	    127.745804	    127.745804	4377	    127.737611	    127.753990	0.0	      0.000000	91	46263	
064	  0.135777	 14.239233	    127.970886	    127.970886	14366	    127.962693	    127.979072	0.0	      0.000000	92	512	
065	 -0.052986	990.231920	    128.145560	    128.145560	7441	    128.137367	    128.153747	0.0	      0.000000	93	54917	
066	  0.000000	 40.080476	    128.220772	    128.220772	32678	    128.212580	    128.228959	0.0	      0.000000	93	54917	
067	 -0.165581	1601.606627	    128.595688	    128.595688	27407	    128.587496	    128.603875	0.0	      0.000000	95	72647	
068	  0.649079	76126.485150	    129.195418	    129.195418	32035	    129.187226	    129.203605	0.0	      0.000000	98	837254	
069	 -0.125842	1588.195906	    129.270565	    129.270565	57250	    129.262372	    129.278752	0.0	      0.000000	98	837254	
070	  0.000000	326.071425	    130.095747	    130.095747	6455	    130.087554	    130.103933	0.0	      0.000000	103	7672	
071	  0.023181	131.148245	    130.746987	    130.746987	28367	    130.738794	    130.755174	0.0	      0.000000	106	5215	
072	 -0.046363	 49.020006	    130.945780	    130.945780	29535	    130.937588	    130.953967	0.0	      0.000000	107	23291	
073	 -0.003312	505.501302	    131.045749	    131.045749	63079	    131.037557	    131.053069	0.0	      0.000000	107	23291	
074	 -0.370902	197572.922850	    131.245538	    131.245538	64581	    131.237345	    131.248381	0.0	      0.000000	108	687271	
075	 -0.387460	70464.843690	    131.440851	    131.440851	64581	    131.432658	    131.443694	0.0	      0.000000	109	352432	
076	  0.059609	 70.797251	    131.545308	    131.545308	34095	    131.537115	    131.553494	0.0	      0.000000	110	17890	
077	  0.360967	 45.037072	    131.578597	    131.578597	45265	    131.570404	    131.586784	0.0	      0.000000	110	17890	
078	 -0.149023	45486.574362	    131.820720	    131.820720	60972	    131.812527	    131.828907	0.0	      0.000000	111	4033148	
079	 -0.390772	 40.486067	    131.834301	    131.834301	65529	    131.826108	    131.834319	0.0	      0.000000	111	4033148	
080	  0.450381	 21.984115	    131.834524	    131.834524	68	    131.834322	    131.842711	0.0	      0.000000	112	5225857	
081	  3.758697	194.247618	    131.856074	    131.856074	7299	    131.847882	    131.864261	0.0	      0.000000	112	5225857	
082	 -1.682307	894.005661	    131.877222	    131.877222	14395	    131.869030	    131.885409	0.0	      0.000000	112	5225857	
083	 -0.231814	11165.887272	    131.920656	    131.920656	28969	    131.912463	    131.928843	0.0	      0.000000	112	5225857	
084	 -0.440446	1691.848516	    131.964960	    131.964960	43835	    131.956768	    131.973147	0.0	      0.000000	112	5225857	
085	  2.503590	150.769282	    132.007798	    132.007798	58209	    131.999605	    132.015985	0.0	      0.000000	112	5225857	
086	 -3.030139	157.093042	    132.028982	    132.028982	65317	    132.020789	    132.029631	0.0	      0.000000	112	5225857	
087	  0.026493	 30.310600	    132.070326	    132.070326	13654	    132.062134	    132.078513	0.0	      0.000000	113	908	
088	 -0.109284	1600.176222	    132.670506	    132.670506	18433	    132.662314	    132.678693	0.0	      0.000000	116	83438	
089	 -0.582846	3010.215614	    132.954269	    132.954269	48112	    132.946077	    132.962456	0.0	      0.000000	117	79542	
090	 -0.211944	173022.563374	    133.045375	    133.045375	13146	    133.037182	    133.053562	0.0	      0.000000	118	359660	
091	 -0.026493	 24.288096	    133.795690	    133.795690	2766	    133.787497	    133.803877	0.0	      0.000000	122	1536	
092	  0.549730	1691.897550	    134.189778	    134.189778	3928	    134.181585	    134.197965	0.0	      0.000000	124	5617774	
093	 -0.072856	1485.402365	    134.203156	    134.203156	8417	    134.194964	    134.211343	0.0	      0.000000	124	5617774	
094	  0.009935	 71.162886	    134.221300	    134.221300	14505	    134.213107	    134.229487	0.0	      0.000000	124	5617774	
095	  0.115907	19974.393361	    134.234288	    134.234288	18863	    134.226095	    134.242475	0.0	      0.000000	124	5617774	
096	  0.539795	211.777888	    134.247103	    134.247103	23163	    134.238910	    134.255290	0.0	      0.000000	124	5617774	
097	  0.069544	426.082929	    134.265548	    134.265548	29352	    134.257355	    134.273734	0.0	      0.000000	124	5617774	
098	  0.609339	6173.274587	    134.278300	    134.278300	33631	    134.270107	    134.286487	0.0	      0.000000	124	5617774	
099	 -0.003312	120.795958	    134.296825	    134.296825	39847	    134.288632	    134.305012	0.0	      0.000000	124	5617774	
100	 -0.483498	10526.709498	    134.310129	    134.310129	44311	    134.301936	    134.318316	0.0	      0.000000	124	5617774	
101	 -0.473563	371.619811	    134.323167	    134.323167	48686	    134.314975	    134.331354	0.0	      0.000000	124	5617774	
102	 -0.105972	314.192947	    134.341159	    134.341159	54723	    134.332966	    134.349346	0.0	      0.000000	124	5617774	
103	 -0.165581	296240.625162	    134.354236	    134.354236	59111	    134.346044	    134.362423	0.0	      0.000000	124	5617774	
104	  0.519925	293.284980	    134.366908	    134.366908	63363	    134.358716	    134.373381	0.0	      0.000000	124	5617774	
105	  0.000000	 27.282876	    134.470680	    134.470680	32647	    134.462487	    134.478867	0.0	      0.000000	125	66768	
106	 -1.049786	141.946879	    134.487414	    134.487414	38262	    134.479221	    134.495601	0.0	      0.000000	125	66768	
107	 -0.185451	259.784030	    134.548991	    134.548991	58924	    134.540799	    134.557178	0.0	      0.000000	125	66768	
108	  0.105972	619.383443	    134.845647	    134.845647	27393	    134.837454	    134.853833	0.0	      0.000000	127	21447	
109	 -0.407330	29446.277213	    135.320603	    135.320603	55690	    135.312411	    135.328790	0.0	      0.000000	129	309266	
110	 -0.324539	10452.359358	    135.346028	    135.346028	64221	    135.337835	    135.349944	0.0	      0.000000	129	309266	
111	 -0.327851	2517.277325	    135.541337	    135.541337	64220	    135.533145	    135.545256	0.0	      0.000000	130	25721	
112	  0.029805	3523.282684	    135.550346	    135.550346	1707	    135.545259	    135.558533	0.0	      0.000000	131	143049	
113	 -0.129153	689.558701	    135.620707	    135.620707	25316	    135.612514	    135.628894	0.0	      0.000000	131	143049	
114	  0.460316	1406.755661	    135.695233	    135.695233	50323	    135.687041	    135.703420	0.0	      0.000000	131	143049	
115	  0.000000	29079.736496	    135.745662	    135.745662	1708	    135.740572	    135.753849	0.0	      0.000000	132	94704	
116	  0.493432	377.928845	    135.945591	    135.945591	3257	    135.937398	    135.953778	0.0	      0.000000	133	22890	
117	  2.006846	 77.222140	    136.444956	    136.444956	39744	    136.436763	    136.453142	0.0	      0.000000	135	19409	
118	 -2.218790	243.914831	    136.538395	    136.538395	5561	    136.530202	    136.546582	0.0	      0.000000	136	40004	
119	 -2.553265	 18.606433	    136.788228	    136.788228	23855	    136.780035	    136.796414	0.0	      0.000000	137	212	
120	  0.009935	 50.943521	    137.068468	    137.068468	52352	    137.060275	    137.076655	0.0	      0.000000	138	7602161	
121	 -3.159292	 20.242230	    137.345582	    137.345582	14264	    137.337389	    137.353768	0.0	      0.000000	140	5036703	
122	 -3.165916	 19.920066	    137.408012	    137.408012	35212	    137.399819	    137.416198	0.0	      0.000000	140	5036703	
123	  0.000000	 25.763519	    137.595635	    137.595635	32632	    137.587443	    137.603822	0.0	      0.000000	141	14	
124	  0.009935	 19.879029	    139.714232	    139.714232	22619	    139.706039	    139.722418	0.0	      0.000000	152	4788	
125	 -0.943814	 15.874985	    139.827290	    139.827290	60555	    139.819097	    139.835476	0.0	      0.000000	152	4788	
126	  0.003312	 10.003994	    139.864328	    139.864328	7447	    139.856135	    139.872515	0.0	      0.000000	153	4735	
127	  0.000000	 27.483829	    139.964324	    139.964324	41000	    139.956131	    139.972510	0.0	      0.000000	153	4735	
128	  0.009935	 19.223043	    139.976754	    139.976754	45171	    139.968562	    139.984941	0.0	      0.000000	153	4735	
129	  0.006623	 15.622259	    140.014356	    140.014356	57788	    140.006163	    140.022543	0.0	      0.000000	153	4735	
130	  0.000000	596.870731	    140.095597	    140.095597	19512	    140.087404	    140.103784	0.0	      0.000000	154	5388	
131	  0.000000	 15.694390	    140.720587	    140.720587	32616	    140.712395	    140.728774	0.0	      0.000000	157	4	
132	  0.000000	 79.459102	    141.967302	    141.967302	57728	    141.959109	    141.975489	0.0	      0.000000	163	196	
133	  0.000000	130.396900	    143.845543	    143.845543	32601	    143.837350	    143.853729	0.0	      0.000000	173	336	
134	  0.000000	306.331483	    144.093498	    144.093498	50265	    144.085305	    144.101685	0.0	      0.000000	174	1577	
135	  0.000000	 26.801510	    144.895228	    144.895228	57137	    144.887036	    144.903415	0.0	      0.000000	178	2272	
136	 -0.288112	 13.998907	    145.722821	    145.722821	7151	    145.714628	    145.731008	0.0	      0.000000	183	4572634	
137	  1.092837	255650.163275	    145.744916	    145.744916	14565	    145.736724	    145.753103	0.0	      0.000000	183	4572634	
138	  0.000000	 65.811407	    145.845192	    145.845192	48212	    145.837000	    145.853379	0.0	      0.000000	183	4572634	
139	 -0.003312	 15.650105	    146.339204	    146.339204	17367	    146.331012	    146.347391	0.0	      0.000000	186	10	
140	  0.000000	 39.546023	    146.970498	    146.970498	32586	    146.962305	    146.978685	0.0	      0.000000	189	24	
141	 -0.019870	414.591106	    148.445749	    148.445749	3310	    148.437556	    148.453936	0.0	      0.000000	197	8750	
142	  0.013247	135.239145	    148.588660	    148.588660	51263	    148.580467	    148.596847	0.0	      0.000000	197	8750	
143	  0.059609	 83.775019	    148.599094	    148.599094	54764	    148.590901	    148.607280	0.0	      0.000000	197	8750	
144	  0.000000	4396.772286	    150.095450	    150.095450	32570	    150.087258	    150.103637	0.0	      0.000000	205	343116	
145	  0.890828	1447.470929	    150.695475	    150.695475	37297	    150.687283	    150.703662	0.0	      0.000000	208	29891	
146	  0.000000	 68.868158	    153.115463	    153.115463	62878	    153.107270	    153.123381	0.0	      0.000000	220	625	
147	  0.000000	 24.708963	    153.220406	    153.220406	32555	    153.212213	    153.228592	0.0	      0.000000	221	1035030	
148	  0.009935	2295.771195	    153.270414	    153.270414	49335	    153.262221	    153.278601	0.0	      0.000000	221	1035030	
149	 -0.006623	9245.387650	    153.395283	    153.395283	25698	    153.387090	    153.403469	0.0	      0.000000	222	3522495	
150	  0.000000	 31.059639	    153.445607	    153.445607	42584	    153.437414	    153.453794	0.0	      0.000000	222	3522495	
151	 -2.977153	 11.736506	    153.997209	    153.997209	31063	    153.989017	    154.005396	0.0	      0.000000	225	528	
152	 -0.086102	 24.395468	    154.146248	    154.146248	15536	    154.138055	    154.154434	0.0	      0.000000	226	4407	
153	  0.009935	 12.825357	    156.158560	    156.158560	35396	    156.150367	    156.166747	0.0	      0.000000	236	9	
154	  0.000000	 64.652385	    156.345358	    156.345358	32539	    156.337165	    156.353545	0.0	      0.000000	237	76	
155	 -0.129153	484.261758	    158.786851	    158.786851	65336	    158.778658	    158.787444	0.0	      0.000000	249	250463	
156	  0.019870	 11.184270	    158.840417	    158.840417	17774	    158.832225	    158.848604	0.0	      0.000000	250	6495174	
157	  0.023181	2177.793333	    158.857777	    158.857777	23599	    158.849585	    158.865964	0.0	      0.000000	250	6495174	
158	 -0.370902	 19.543446	    158.875331	    158.875331	29489	    158.867138	    158.883518	0.0	      0.000000	250	6495174	
159	  0.000000	 91.289257	    158.884385	    158.884385	32527	    158.876192	    158.892571	0.0	      0.000000	250	6495174	
160	 -0.490121	 20.480519	    158.937850	    158.937850	50467	    158.929657	    158.946037	0.0	      0.000000	250	6495174	
161	  0.268242	 46.090143	    158.946654	    158.946654	53421	    158.938461	    158.954840	0.0	      0.000000	250	6495174	
162	  0.115907	339.566963	    158.959624	    158.959624	57773	    158.951431	    158.967810	0.0	      0.000000	250	6495174	
163	 -0.072856	366.867713	    158.968660	    158.968660	60805	    158.960467	    158.976846	0.0	      0.000000	250	6495174	
164	  0.000000	 31.820633	    159.470313	    159.470313	32524	    159.462121	    159.478500	0.0	      0.000000	253	1023	
165	  0.000000	554.016358	    160.095304	    160.095304	45628	    160.087111	    160.103490	0.0	      0.000000	256	5584	
166	 -0.029805	 11.005435	    160.121631	    160.121631	54462	    160.113438	    160.129818	0.0	      0.000000	256	5584	
167	  3.795125	 19.037541	    160.181921	    160.181921	9156	    160.173729	    160.190108	0.0	      0.000000	257	99030	
168	 -3.338120	 39.493759	    160.820001	    160.820001	26652	    160.811808	    160.828188	0.0	      0.000000	260	11169	
169	 -3.851422	 32.977091	    160.870224	    160.870224	43504	    160.862031	    160.878410	0.0	      0.000000	260	11169	
170	 -3.189097	 39.379867	    160.920184	    160.920184	60268	    160.911992	    160.928371	0.0	      0.000000	260	11169	
171	  0.009935	 15.387535	    161.175084	    161.175084	14726	    161.166891	    161.183270	0.0	      0.000000	262	6	
172	 -0.009935	 27.074954	    162.091520	    162.091520	60087	    162.083327	    162.099707	0.0	      0.000000	266	38	
173	 -0.019870	 10.101730	    162.101143	    162.101143	63316	    162.092950	    162.107756	0.0	      0.000000	266	38	
174	  0.000000	171.976447	    162.595269	    162.595269	32509	    162.587076	    162.603455	0.0	      0.000000	269	897	
175	 -0.006623	 30.611936	    163.084152	    163.084152	65479	    163.075959	    163.084319	0.0	      0.000000	271	162	
176	  0.000000	694.807252	    163.088250	    163.088250	1318	    163.084322	    163.096436	0.0	      0.000000	272	1809255	
177	  0.000000	 54.008149	    163.279458	    163.279458	65477	    163.271266	    163.279631	0.0	      0.000000	272	1809255	
178	  0.000000	4173.129089	    163.283559	    163.283559	1317	    163.279634	    163.291746	0.0	      0.000000	273	2644690	
179	  0.000000	 16.056414	    163.320198	    163.320198	13611	    163.312006	    163.328385	0.0	      0.000000	273	2644690	
180	  0.000000	705.357299	    163.961097	    163.961097	32053	    163.952904	    163.969284	0.0	      0.000000	276	21017	
181	 -0.003312	 19.641242	    164.601191	    164.601191	50225	    164.592999	    164.609378	0.0	      0.000000	279	13	
182	 -0.659014	23580.099815	    164.683878	    164.683878	12434	    164.675685	    164.692065	0.0	      0.000000	280	8406475	
183	 -1.424000	 21.899763	    164.731562	    164.731562	28434	    164.723369	    164.739748	0.0	      0.000000	280	8406475	
184	  0.000000	 74.480069	    164.891925	    164.891925	16707	    164.883732	    164.900112	0.0	      0.000000	281	2597	
185	  0.000000	110.050582	    164.932739	    164.932739	30402	    164.924547	    164.940926	0.0	      0.000000	281	2597	
186	 -0.009935	 17.277428	    164.970162	    164.970162	42959	    164.961969	    164.978349	0.0	      0.000000	281	2597	
187	  0.006623	 10.314739	    165.023326	    165.023326	60798	    165.015134	    165.031513	0.0	      0.000000	281	2597	
188	 -0.013247	177.449072	    165.051528	    165.051528	4725	    165.043336	    165.059715	0.0	      0.000000	282	231553	
189	  0.003312	 45.642646	    165.060967	    165.060967	7892	    165.052774	    165.069153	0.0	      0.000000	282	231553	
190	  0.000000	989.337784	    165.098610	    165.098610	20523	    165.090417	    165.106797	0.0	      0.000000	282	231553	
191	  0.000000	 76.833824	    165.136253	    165.136253	33154	    165.128061	    165.144440	0.0	      0.000000	282	231553	
192	  0.000000	204.576685	    165.194854	    165.194854	52817	    165.186661	    165.203040	0.0	      0.000000	282	231553	
193	  0.009935	 29.121276	    165.219953	    165.219953	61239	    165.211761	    165.228140	0.0	      0.000000	282	231553	
194	 -0.003312	727.848659	    165.231949	    165.231949	65264	    165.223756	    165.232756	0.0	      0.000000	282	231553	
195	  0.003312	131.410309	    165.244153	    165.244153	3823	    165.235960	    165.252339	0.0	      0.000000	283	7437963	
196	 -0.003312	 24.124653	    165.268567	    165.268567	12015	    165.260374	    165.276753	0.0	      0.000000	283	7437963	
197	  0.000000	 19.988290	    165.280774	    165.280774	16111	    165.272581	    165.288960	0.0	      0.000000	283	7437963	
198	 -0.003312	 16.072447	    165.292981	    165.292981	20207	    165.284788	    165.301167	0.0	      0.000000	283	7437963	
199	  0.003312	 11.859063	    165.305188	    165.305188	24303	    165.296995	    165.313375	0.0	      0.000000	283	7437963	
200	  0.009935	 10.522591	    165.317395	    165.317395	28399	    165.309202	    165.325582	0.0	      0.000000	283	7437963	
201	  0.016558	 12.913991	    165.329602	    165.329602	32495	    165.321409	    165.337789	0.0	      0.000000	283	7437963	
202	 -0.003312	 15.000190	    165.341809	    165.341809	36591	    165.333616	    165.349996	0.0	      0.000000	283	7437963	
203	  0.026493	 16.646424	    165.354013	    165.354013	40686	    165.345820	    165.362200	0.0	      0.000000	283	7437963	
204	  0.026493	 29.119513	    165.366220	    165.366220	44782	    165.358027	    165.374407	0.0	      0.000000	283	7437963	
205	 -0.029805	 30.500061	    165.378433	    165.378433	48880	    165.370240	    165.386620	0.0	      0.000000	283	7437963	
206	  0.013247	 55.346837	    165.390637	    165.390637	52975	    165.382444	    165.398824	0.0	      0.000000	283	7437963	
207	 -0.003312	144.993794	    165.402844	    165.402844	57071	    165.394651	    165.411031	0.0	      0.000000	283	7437963	
208	  0.003312	31734694.252686	    165.420204	    165.420204	62896	    165.412011	    165.428069	0.0	      0.000000	283	7437963	
209	 -0.013247	 48.984096	    165.445816	    165.445816	5954	    165.437623	    165.454003	0.0	      0.000000	284	5609869	
210	 -0.026493	 14.458491	    165.598157	    165.598157	57071	    165.589964	    165.606343	0.0	      0.000000	284	5609869	
211	  0.003312	2893478.295480	    165.616813	    165.616813	63331	    165.608620	    165.623381	0.0	      0.000000	284	5609869	
212	  0.000000	18622.312144	    165.682727	    165.682727	19912	    165.674534	    165.690913	0.0	      0.000000	285	7758803	
213	  0.000000	 16.530159	    165.707853	    165.707853	28343	    165.699660	    165.716040	0.0	      0.000000	285	7758803	
214	  0.000000	234.776313	    165.720412	    165.720412	32557	    165.712219	    165.728598	0.0	      0.000000	285	7758803	
215	  0.006623	794.514589	    165.883639	    165.883639	21791	    165.875446	    165.891826	0.0	      0.000000	286	9009933	
216	  0.026493	861.286407	    165.908494	    165.908494	30131	    165.900301	    165.916681	0.0	      0.000000	286	9009933	
217	 -0.466939	 10.296991	    166.032743	    166.032743	6286	    166.024550	    166.040930	0.0	      0.000000	287	110	
218	  0.000000	 14.277118	    166.056570	    166.056570	14281	    166.048377	    166.064757	0.0	      0.000000	287	110	
219	  0.000000	 28.540638	    166.089111	    166.089111	25200	    166.080918	    166.097298	0.0	      0.000000	287	110	
220	  0.000000	 26.572909	    166.121652	    166.121652	36119	    166.113460	    166.129839	0.0	      0.000000	287	110	
221	  0.000000	 18.267215	    166.161382	    166.161382	49450	    166.153189	    166.169568	0.0	      0.000000	287	110	
222	  0.000000	 20.842826	    166.219279	    166.219279	3341	    166.211086	    166.227465	0.0	      0.000000	288	230	
223	 -0.009935	 14.724365	    166.257491	    166.257491	16163	    166.249299	    166.265678	0.0	      0.000000	288	230	
224	 -0.006623	 33.318418	    166.289094	    166.289094	26767	    166.280901	    166.297280	0.0	      0.000000	288	230	
225	  0.000000	 22.586181	    166.316902	    166.316902	36098	    166.308710	    166.325089	0.0	      0.000000	288	230	
226	  0.000000	 24.717521	    166.381987	    166.381987	57937	    166.373795	    166.390174	0.0	      0.000000	288	230	
227	  0.000000	 11.809276	    166.447070	    166.447070	14239	    166.438877	    166.455256	0.0	      0.000000	289	7763	
228	  0.009935	122.991886	    166.457504	    166.457504	17740	    166.449311	    166.465690	0.0	      0.000000	289	7763	
229	  0.000000	 16.440919	    166.479611	    166.479611	25158	    166.471418	    166.487798	0.0	      0.000000	289	7763	
230	 -0.006623	 12.664097	    166.557267	    166.557267	51215	    166.549074	    166.565454	0.0	      0.000000	289	7763	
231	  0.000000	 16.914400	    166.577237	    166.577237	57916	    166.569045	    166.585424	0.0	      0.000000	289	7763	
232	  0.000000	 10.597519	    166.609779	    166.609779	3299	    166.601586	    166.617965	0.0	      0.000000	290	159	
233	 -0.003312	 54.260624	    166.760811	    166.760811	53977	    166.752618	    166.768997	0.0	      0.000000	290	159	
234	 -0.003312	843.938181	    167.158165	    167.158165	56235	    167.149972	    167.166352	0.0	      0.000000	292	618002	
235	  0.000000	 20.737743	    167.219921	    167.219921	11421	    167.211729	    167.228108	0.0	      0.000000	293	14	
236	  0.000000	 46.440091	    167.605960	    167.605960	9882	    167.597767	    167.614147	0.0	      0.000000	295	44	
237	 -0.109284	 26.964259	    168.097898	    168.097898	43877	    168.089705	    168.106085	0.0	      0.000000	297	170	
238	 -0.049674	 16.381838	    168.117669	    168.117669	50511	    168.109476	    168.125855	0.0	      0.000000	297	170	
239	  0.000000	 10.482455	    168.151003	    168.151003	61696	    168.142810	    168.159189	0.0	      0.000000	297	170	
240	  0.254995	 13.758932	    168.246838	    168.246838	28317	    168.238645	    168.255025	0.0	      0.000000	298	57	
241	 -0.076167	 10.687572	    168.276742	    168.276742	38351	    168.268549	    168.284928	0.0	      0.000000	298	57	
242	  3.977264	 15.837499	    168.457189	    168.457189	33363	    168.448996	    168.465375	0.0	      0.000000	299	1506	
243	  0.000000	 43.100319	    168.563038	    168.563038	3344	    168.554845	    168.571224	0.0	      0.000000	300	777	
244	 -0.006623	 29.055848	    168.596068	    168.596068	14427	    168.587875	    168.604254	0.0	      0.000000	300	777	
245	  0.000000	 52.471356	    168.845176	    168.845176	32478	    168.836984	    168.853363	0.0	      0.000000	301	61	
246	 -0.519925	 13.845426	    169.028940	    169.028940	28603	    169.020748	    169.037127	0.0	      0.000000	302	514	
247	  0.000000	 10.857408	    169.081831	    169.081831	46350	    169.073638	    169.090017	0.0	      0.000000	302	514	
248	  3.311627	 61.709324	    169.282010	    169.282010	47983	    169.273817	    169.290196	0.0	      0.000000	303	344919	
249	  0.400707	13497.646093	    169.294875	    169.294875	52300	    169.286683	    169.303062	0.0	      0.000000	303	344919	
250	  0.000000	 98.459927	    170.095157	    170.095157	58686	    170.086964	    170.103344	0.0	      0.000000	307	656	
251	  0.000000	 29.915384	    171.970129	    171.970129	32462	    171.961936	    171.978315	0.0	      0.000000	317	16	
252	  0.000000	 18.929945	    172.606205	    172.606205	49286	    172.598013	    172.614392	0.0	      0.000000	320	6	
253	  0.000000	 38.878289	    173.446092	    173.446092	3425	    173.437899	    173.454278	0.0	      0.000000	325	21	
254	 -1.023293	 31.876425	    174.195042	    174.195042	58123	    174.186849	    174.203228	0.0	      0.000000	328	2163	
255	  0.000000	 87.182643	    175.095084	    175.095084	32447	    175.086891	    175.103271	0.0	      0.000000	333	1129	
256	 -0.009935	 38.197527	    175.673308	    175.673308	29859	    175.665116	    175.681495	0.0	      0.000000	336	3193	
257	 -0.009935	286.342717	    175.692307	    175.692307	36234	    175.684115	    175.700494	0.0	      0.000000	336	3193	
258	 -0.009935	 36.314491	    175.711306	    175.711306	42609	    175.703114	    175.719493	0.0	      0.000000	336	3193	
259	  0.000000	 10.430684	    175.887620	    175.887620	36234	    175.879427	    175.895807	0.0	      0.000000	337	2	
260	 -0.970307	 13.503469	    177.357512	    177.357512	5160	    177.349320	    177.365699	0.0	      0.000000	345	125	
261	 -1.321339	 13.635366	    179.645124	    179.645124	51859	    179.636931	    179.653310	0.0	      0.000000	356	112	
262	 -1.791590	 15.428050	    179.757729	    179.757729	24107	    179.749536	    179.765915	0.0	      0.000000	357	870	
263	 -0.076167	 14.295488	    179.809486	    179.809486	41474	    179.801294	    179.817673	0.0	      0.000000	357	870	
264	 -0.076167	 26.657395	    179.965496	    179.965496	28286	    179.957303	    179.973682	0.0	      0.000000	358	32	
265	  0.000000	2709.645815	    180.095011	    180.095011	6208	    180.086818	    180.103197	0.0	      0.000000	359	479561	
266	 -0.076167	 31.933315	    180.121505	    180.121505	15098	    180.113312	    180.129691	0.0	      0.000000	359	479561	
267	  0.715311	 19.146181	    180.419561	    180.419561	49573	    180.411368	    180.427747	0.0	      0.000000	360	1265	
268	 -1.741916	 35.767272	    180.983108	    180.983108	42060	    180.974915	    180.991295	0.0	      0.000000	363	4577	
269	  0.000000	131.893016	    181.344991	    181.344991	32416	    181.336799	    181.353178	0.0	      0.000000	365	302	
270	 -1.963795	 10.441792	    181.933373	    181.933373	33236	    181.925180	    181.941559	0.0	      0.000000	368	38	
271	 -1.579646	 19.216224	    182.083290	    182.083290	18004	    182.075098	    182.091477	0.0	      0.000000	369	753	
272	 -1.778344	456.738531	    182.495078	    182.495078	25105	    182.486885	    182.503265	0.0	      0.000000	371	27897	
273	 -0.784856	 37.287207	    183.045068	    183.045068	13043	    183.036875	    183.053255	0.0	      0.000000	374	3993	
274	 -1.129265	 12.116572	    183.532440	    183.532440	45506	    183.524248	    183.540627	0.0	      0.000000	376	3735	
275	 -0.433823	 37.049640	    183.582168	    183.582168	62192	    183.573976	    183.590355	0.0	      0.000000	376	3735	
276	 -0.026493	 15.689598	    184.493076	    184.493076	40162	    184.484884	    184.501263	0.0	      0.000000	381	43384	
277	  0.006623	 26.409372	    184.694057	    184.694057	42064	    184.685865	    184.702244	0.0	      0.000000	382	1559926	
278	  0.009935	 15.184973	    185.711413	    185.711413	55752	    185.703220	    185.719600	0.0	      0.000000	387	2	
279	  0.000000	149.137346	    187.594899	    187.594899	32385	    187.586706	    187.603086	0.0	      0.000000	397	439	
280	 -0.003312	 11.328026	    187.606951	    187.606951	36429	    187.598758	    187.615138	0.0	      0.000000	397	439	
281	 -0.009935	 18.821978	    189.106172	    189.106172	15196	    189.097979	    189.114359	0.0	      0.000000	405	24	
282	  0.000000	183.323754	    190.094864	    190.094864	19266	    190.086671	    190.103051	0.0	      0.000000	410	1221	
