# -------------------------- o --------------------------
# File ID: TIC191146556.bary.0000.h5 
# -------------------------- o --------------------------
# Source:TICObj 
# MJD: 59410.408098579202	RA: 0h33m13.05s	DEC: 46d20m25.1s
# DELTAT:   0.671089	DELTAF(Hz):   2.980232	max_drift_rate:   4.000000	obs_length: 899.929866
# --------------------------
# Top_Hit_# 	Drift_Rate 	SNR 	Uncorrected_Frequency 	Corrected_Frequency 	Index 	freq_start 	freq_end 	SEFD 	SEFD_freq 	Coarse_Channel_Number 	Full_number_of_hits 	
# --------------------------
000001	  0.017356	3993.981201	    110.089068	    110.089068	45871	    110.078077	    110.100056	0.0	      0.000000	0	764788	
000002	 -0.980598	 54.157677	    110.184936	    110.184936	12503	    110.173945	    110.195924	0.0	      0.000000	1	13725	
000003	 -1.039173	558.610291	    110.394145	    110.394145	17166	    110.383154	    110.405134	0.0	      0.000000	2	86513	
000004	 -0.234302	 19.987310	    110.780983	    110.780983	15895	    110.769992	    110.791971	0.0	      0.000000	4	13182	
000005	  0.004339	 16.529234	    111.033468	    111.033468	35079	    111.022477	    111.044456	0.0	      0.000000	5	627	
000006	 -0.516332	 15.676068	    111.243890	    111.243890	40149	    111.232899	    111.254878	0.0	      0.000000	6	1024	
000007	 -1.030495	 51.134235	    111.393754	    111.393754	24899	    111.382763	    111.404742	0.0	      0.000000	7	6418	
000008	  0.375317	 35.702271	    111.554490	    111.554490	13297	    111.543499	    111.565478	0.0	      0.000000	8	3685	
000009	  0.015186	 18.422331	    111.643575	    111.643575	43189	    111.632584	    111.654563	0.0	      0.000000	8	3685	
000010	  0.008678	 21.682692	    112.087713	    112.087713	61145	    112.076722	    112.098701	0.0	      0.000000	10	32	
000011	  0.017356	 81.434624	    112.588875	    112.588875	32699	    112.577884	    112.599863	0.0	      0.000000	13	351	
000012	  0.017356	 72.093987	    112.888487	    112.888487	2160	    112.882049	    112.899475	0.0	      0.000000	15	139	
000013	  0.023864	 14.305265	    113.488404	    113.488404	6851	    113.477413	    113.499393	0.0	      0.000000	18	131	
000014	  0.017356	 55.114632	    113.939927	    113.939927	27285	    113.928936	    113.950916	0.0	      0.000000	20	194	
000015	  0.017356	 28.990658	    114.094286	    114.094286	13543	    114.083295	    114.105274	0.0	      0.000000	21	47	
000016	 -0.878633	223.407654	    114.688243	    114.688243	16234	    114.677252	    114.699231	0.0	      0.000000	24	45786	
000017	  0.017356	 35.239880	    114.775066	    114.775066	45367	    114.764075	    114.786054	0.0	      0.000000	24	45786	
000018	  0.017356	 19.611193	    116.829000	    116.829000	13657	    116.818009	    116.839988	0.0	      0.000000	35	53	
000019	  0.015186	132.772369	    117.488469	    117.488469	38330	    117.477478	    117.499457	0.0	      0.000000	38	2432	
000020	  0.015186	253.963394	    117.788254	    117.788254	7849	    117.777263	    117.799242	0.0	      0.000000	40	18944	
000021	 -3.978796	 29.138178	    117.887808	    117.887808	41254	    117.876817	    117.898796	0.0	      0.000000	40	18944	
000022	  0.008678	 27.107103	    118.047209	    118.047209	29204	    118.036218	    118.058197	0.0	      0.000000	41	64	
000023	 -0.088948	359.633270	    118.188621	    118.188621	11118	    118.177630	    118.199609	0.0	      0.000000	42	61831	
000024	  0.620467	153.166412	    118.387924	    118.387924	12457	    118.376933	    118.398912	0.0	      0.000000	43	3732915	
000025	  0.002169	 66.180954	    118.412997	    118.412997	20870	    118.402006	    118.423985	0.0	      0.000000	43	3732915	
000026	  0.023864	247702.093750	    118.463360	    118.463360	37769	    118.452369	    118.474348	0.0	      0.000000	43	3732915	
000027	 -0.010847	35485.003906	    118.488224	    118.488224	46112	    118.477233	    118.499212	0.0	      0.000000	43	3732915	
000028	  0.015186	1093.782227	    118.538301	    118.538301	62915	    118.527310	    118.546109	0.0	      0.000000	43	3732915	
000029	  0.004339	420.128326	    118.563364	    118.563364	5789	    118.552373	    118.574353	0.0	      0.000000	44	604625	
000030	 -0.657348	209.602615	    118.613364	    118.613364	22566	    118.602373	    118.624352	0.0	      0.000000	44	604625	
000031	  0.557552	82791.734375	    118.688177	    118.688177	47669	    118.677185	    118.699165	0.0	      0.000000	44	604625	
000032	 -0.015186	143.366684	    118.738247	    118.738247	64470	    118.727256	    118.741421	0.0	      0.000000	44	604625	
000033	 -0.004339	 16.759745	    118.788211	    118.788211	15699	    118.777220	    118.799199	0.0	      0.000000	45	66450	
000034	  0.021695	 17.747168	    118.838386	    118.838386	32535	    118.827395	    118.849374	0.0	      0.000000	45	66450	
000035	  0.101965	221.043015	    118.888362	    118.888362	49304	    118.877371	    118.899350	0.0	      0.000000	45	66450	
000036	  0.004339	 77.675636	    118.913488	    118.913488	57735	    118.902497	    118.924476	0.0	      0.000000	45	66450	
000037	 -0.013017	 53.150036	    118.933545	    118.933545	64465	    118.922554	    118.936734	0.0	      0.000000	45	66450	
000038	  0.008678	2495.029297	    118.943055	    118.943055	2120	    118.936737	    118.954043	0.0	      0.000000	46	353137	
000039	  0.019525	282.552277	    118.963309	    118.963309	8916	    118.952317	    118.974297	0.0	      0.000000	46	353137	
000040	  0.002169	1156.565918	    118.988244	    118.988244	17283	    118.977253	    118.999232	0.0	      0.000000	46	353137	
000041	  0.008678	39099.074219	    119.138353	    119.138353	2115	    119.132049	    119.149341	0.0	      0.000000	47	365579	
000042	  0.015186	315.334686	    119.163178	    119.163178	10445	    119.152187	    119.174166	0.0	      0.000000	47	365579	
000043	  0.017356	 22.355238	    119.286372	    119.286372	51782	    119.275381	    119.297360	0.0	      0.000000	47	365579	
000044	 -0.006508	27691.015625	    119.362934	    119.362934	11936	    119.351943	    119.373922	0.0	      0.000000	48	498154	
000045	 -0.075931	320.272064	    119.596784	    119.596784	24867	    119.585793	    119.607772	0.0	      0.000000	49	480198	
000046	  0.010847	6369.891113	    119.638233	    119.638233	38775	    119.627242	    119.649221	0.0	      0.000000	49	480198	
000047	  0.015186	 29.665010	    119.663303	    119.663303	47187	    119.652311	    119.674291	0.0	      0.000000	49	480198	
000048	  0.010847	 99.049393	    119.738288	    119.738288	6812	    119.727297	    119.749276	0.0	      0.000000	50	3910	
000049	  0.021695	 15.693101	    119.988267	    119.988267	25155	    119.977276	    119.999255	0.0	      0.000000	51	179346	
000050	 -0.034711	4068.735596	    120.038454	    120.038454	41995	    120.027463	    120.049442	0.0	      0.000000	51	179346	
000051	  0.021695	 41.729694	    120.094629	    120.094629	60844	    120.083637	    120.105617	0.0	      0.000000	51	179346	
000052	 -0.390503	771.025574	    120.337890	    120.337890	11397	    120.326899	    120.348878	0.0	      0.000000	53	80368	
000053	  0.269013	182.384979	    120.463009	    120.463009	53380	    120.452018	    120.473997	0.0	      0.000000	53	80368	
000054	 -0.032542	2574.919678	    120.513286	    120.513286	4714	    120.502295	    120.524274	0.0	      0.000000	54	133218	
000055	 -0.210438	 18.166412	    120.538245	    120.538245	13089	    120.527254	    120.549233	0.0	      0.000000	54	133218	
000056	  0.021695	 54.837898	    120.563237	    120.563237	21475	    120.552246	    120.574225	0.0	      0.000000	54	133218	
000057	 -0.015186	94466.070312	    120.738353	    120.738353	14698	    120.727362	    120.749341	0.0	      0.000000	55	1220197	
000058	 -0.188743	 22.117716	    121.035512	    121.035512	48872	    121.024521	    121.046500	0.0	      0.000000	56	1545	
000059	  0.010847	452.049225	    121.463163	    121.463163	61296	    121.452172	    121.474151	0.0	      0.000000	58	47607	
000060	  0.030372	 33.981079	    121.488132	    121.488132	4138	    121.477140	    121.499120	0.0	      0.000000	59	1332	
000061	  1.368932	42768.949219	    121.762656	    121.762656	30717	    121.751665	    121.773644	0.0	      0.000000	60	345413	
000062	  0.017356	417.776001	    121.988143	    121.988143	40842	    121.977152	    121.999131	0.0	      0.000000	61	60983	
000063	  0.052067	12154.527344	    122.163071	    122.163071	34002	    122.152080	    122.174059	0.0	      0.000000	62	299895	
000064	  0.019525	 32.859306	    122.938050	    122.938050	31898	    122.927059	    122.949038	0.0	      0.000000	66	127395	
000065	  0.017356	107.073456	    122.954057	    122.954057	37269	    122.943066	    122.965045	0.0	      0.000000	66	127395	
000066	  0.021695	117.004135	    122.972055	    122.972055	43308	    122.961064	    122.983043	0.0	      0.000000	66	127395	
000067	  0.028203	 83.367638	    123.121439	    123.121439	27897	    123.110448	    123.132427	0.0	      0.000000	67	35539	
000068	  0.013017	48708.230469	    123.288046	    123.288046	18265	    123.277055	    123.299034	0.0	      0.000000	68	471009	
000069	  0.004339	 68.399597	    123.437966	    123.437966	3034	    123.428924	    123.448954	0.0	      0.000000	69	24392	
000070	  0.911175	279.637085	    123.612244	    123.612244	61512	    123.601253	    123.623232	0.0	      0.000000	69	24392	
000071	 -0.566230	 92.430099	    123.738246	    123.738246	38255	    123.727255	    123.749234	0.0	      0.000000	70	602150	
000072	 -0.088948	585.419250	    123.787992	    123.787992	54947	    123.777001	    123.798980	0.0	      0.000000	70	602150	
000073	  0.026034	14719.936523	    123.812558	    123.812558	63190	    123.801567	    123.819546	0.0	      0.000000	70	602150	
000074	  0.013017	 22.944750	    123.837696	    123.837696	6089	    123.826705	    123.848684	0.0	      0.000000	71	103587	
000075	  0.021695	226.995239	    123.887969	    123.887969	22958	    123.876978	    123.898958	0.0	      0.000000	71	103587	
000076	  0.013017	1638.953125	    124.007858	    124.007858	63186	    123.996867	    124.014859	0.0	      0.000000	71	103587	
000077	  0.008678	8685.790039	    124.062951	    124.062951	16136	    124.051960	    124.073939	0.0	      0.000000	72	483116	
000078	  0.017356	 33.184799	    124.092944	    124.092944	26200	    124.081953	    124.103932	0.0	      0.000000	72	483116	
000079	 -0.119321	194.795547	    124.208711	    124.208711	65045	    124.197720	    124.210171	0.0	      0.000000	72	483116	
000080	  0.410029	12526.061523	    124.211906	    124.211906	581	    124.210174	    124.222894	0.0	      0.000000	73	6744010	
000081	 -0.509824	8568.719727	    124.245052	    124.245052	11703	    124.234061	    124.256040	0.0	      0.000000	73	6744010	
000082	 -0.388334	74327.609375	    124.287833	    124.287833	26058	    124.276842	    124.298821	0.0	      0.000000	73	6744010	
000083	  1.516455	5982.800781	    124.320386	    124.320386	36981	    124.309395	    124.331374	0.0	      0.000000	73	6744010	
000084	  0.854769	38758.441406	    124.363513	    124.363513	51452	    124.352522	    124.374501	0.0	      0.000000	73	6744010	
000085	  1.106426	1680.533691	    124.396796	    124.396796	62620	    124.385805	    124.405484	0.0	      0.000000	73	6744010	
000086	 -0.127998	155.246933	    124.437873	    124.437873	10867	    124.426882	    124.448861	0.0	      0.000000	74	1204686	
000087	 -0.004339	112756.531250	    124.488316	    124.488316	27793	    124.477325	    124.499305	0.0	      0.000000	74	1204686	
000088	  0.021695	 11.468534	    124.562792	    124.562792	52783	    124.551801	    124.573781	0.0	      0.000000	74	1204686	
000089	 -0.626975	 52.177235	    124.600093	    124.600093	65299	    124.589102	    124.600796	0.0	      0.000000	74	1204686	
000090	  0.915514	2564.800537	    124.615629	    124.615629	4976	    124.604638	    124.626617	0.0	      0.000000	75	7480255	
000091	 -0.084609	97583.382812	    124.637674	    124.637674	12373	    124.626683	    124.648662	0.0	      0.000000	75	7480255	
000092	 -0.885141	2510.603516	    124.659626	    124.659626	19739	    124.648635	    124.670614	0.0	      0.000000	75	7480255	
000093	  0.065084	49614.214844	    124.681033	    124.681033	26922	    124.670042	    124.692021	0.0	      0.000000	75	7480255	
000094	 -0.568399	4377.297852	    124.702908	    124.702908	34262	    124.691917	    124.713896	0.0	      0.000000	75	7480255	
000095	  0.368809	6795.236328	    124.724318	    124.724318	41446	    124.713327	    124.735306	0.0	      0.000000	75	7480255	
000096	 -0.193082	24522.171875	    124.746163	    124.746163	48776	    124.735172	    124.757151	0.0	      0.000000	75	7480255	
000097	  0.019525	16756.126953	    124.762978	    124.762978	54418	    124.751987	    124.773966	0.0	      0.000000	75	7480255	
000098	 -0.262505	48762.808594	    124.789624	    124.789624	63359	    124.778633	    124.796109	0.0	      0.000000	75	7480255	
000099	 -0.271183	48762.808594	    124.789627	    124.789627	63360	    124.778636	    124.796109	0.0	      0.000000	75	7480255	
000100	  3.957102	 21.059849	    124.919785	    124.919785	41498	    124.908794	    124.930774	0.0	      0.000000	76	658711	
000101	 -0.002169	51903.484375	    124.937756	    124.937756	47528	    124.926765	    124.948744	0.0	      0.000000	76	658711	
000102	 -0.030372	 15.244685	    124.983527	    124.983527	62886	    124.972536	    124.991421	0.0	      0.000000	76	658711	
000103	  0.561891	3124.887451	    125.062518	    125.062518	23855	    125.051527	    125.073506	0.0	      0.000000	77	149402	
000104	  0.026034	 75.217422	    125.112973	    125.112973	40785	    125.101982	    125.123961	0.0	      0.000000	77	149402	
000105	  0.026034	 47.075172	    125.137816	    125.137816	49121	    125.126825	    125.148804	0.0	      0.000000	77	149402	
000106	  3.972288	 11.737702	    125.167449	    125.167449	59064	    125.156458	    125.178437	0.0	      0.000000	77	149402	
000107	  0.017356	 10.758672	    125.430261	    125.430261	16177	    125.419269	    125.441249	0.0	      0.000000	79	6	
000108	  0.108473	521.644409	    125.612689	    125.612689	11854	    125.601698	    125.623678	0.0	      0.000000	80	153143	
000109	 -0.036881	15227.848633	    125.937961	    125.937961	55461	    125.926970	    125.948949	0.0	      0.000000	81	312153	
000110	 -0.032542	279372.062500	    126.137946	    126.137946	57029	    126.126955	    126.148935	0.0	      0.000000	82	3286677	
000111	  0.180065	849.747681	    126.487870	    126.487870	43372	    126.476879	    126.498859	0.0	      0.000000	84	105675	
000112	 -0.136676	236.697067	    126.712723	    126.712723	53284	    126.701732	    126.723711	0.0	      0.000000	85	32527	
000113	  0.260336	74394.140625	    126.837762	    126.837762	29704	    126.826771	    126.848750	0.0	      0.000000	86	1227711	
000114	  0.362300	3384.142334	    126.870640	    126.870640	40736	    126.859648	    126.881628	0.0	      0.000000	86	1227711	
000115	 -0.642161	 11.268878	    126.938216	    126.938216	63411	    126.927225	    126.944546	0.0	      0.000000	86	1227711	
000116	  0.017356	4179.667969	    127.087717	    127.087717	48039	    127.076726	    127.098705	0.0	      0.000000	87	967988	
000117	  0.034711	226.740875	    127.142499	    127.142499	885	    127.139862	    127.153487	0.0	      0.000000	88	743916	
000118	 -0.030372	8711.665039	    127.162741	    127.162741	7677	    127.151750	    127.173729	0.0	      0.000000	88	743916	
000119	  0.019525	 11.421836	    127.187668	    127.187668	16041	    127.176677	    127.198656	0.0	      0.000000	88	743916	
000120	  0.013017	 58.528141	    127.287812	    127.287812	49644	    127.276821	    127.298801	0.0	      0.000000	88	743916	
000121	  0.041220	1092.570923	    127.337791	    127.337791	878	    127.335174	    127.348779	0.0	      0.000000	89	56958	
000122	  0.004339	 19.559982	    127.612667	    127.612667	27575	    127.601676	    127.623655	0.0	      0.000000	90	538	
000123	  0.019525	118.407288	    127.837683	    127.837683	37542	    127.826692	    127.848671	0.0	      0.000000	91	4880	
000124	  0.830905	358.114136	    127.931906	    127.931906	3622	    127.921112	    127.942894	0.0	      0.000000	92	8541450	
000125	  0.277691	658704.625000	    127.954008	    127.954008	11038	    127.943017	    127.964996	0.0	      0.000000	92	8541450	
000126	 -1.043512	148.228699	    127.976350	    127.976350	18535	    127.965359	    127.987339	0.0	      0.000000	92	8541450	
000127	  1.737740	120.072479	    127.989413	    127.989413	22918	    127.978422	    128.000401	0.0	      0.000000	92	8541450	
000128	  0.410029	27897.863281	    128.011756	    128.011756	30415	    128.000764	    128.022744	0.0	      0.000000	92	8541450	
000129	 -0.438232	594.294128	    128.033949	    128.033949	37862	    128.022958	    128.044937	0.0	      0.000000	92	8541450	
000130	  2.021940	 70.195602	    128.047113	    128.047113	42279	    128.036122	    128.058101	0.0	      0.000000	92	8541450	
000131	  0.702906	2422.383545	    128.069453	    128.069453	49775	    128.058462	    128.080441	0.0	      0.000000	92	8541450	
000132	 -0.407859	11482.458008	    128.091733	    128.091733	57251	    128.080742	    128.102721	0.0	      0.000000	92	8541450	
000133	 -1.735571	 90.944122	    128.114073	    128.114073	64747	    128.103082	    128.116421	0.0	      0.000000	92	8541450	
000134	  0.026034	312.407898	    128.137620	    128.137620	7112	    128.126629	    128.148608	0.0	      0.000000	93	166456	
000135	  0.284200	 44.493023	    128.239711	    128.239711	41368	    128.228719	    128.250699	0.0	      0.000000	93	166456	
000136	 -0.034711	7311.409668	    128.262584	    128.262584	49043	    128.251593	    128.273572	0.0	      0.000000	93	166456	
000137	 -0.132337	1032.051636	    128.321059	    128.321059	3128	    128.311737	    128.332047	0.0	      0.000000	94	59031	
000138	  0.013017	 27.373867	    128.337334	    128.337334	8589	    128.326343	    128.348322	0.0	      0.000000	94	59031	
000139	  0.490299	 65.381409	    128.517158	    128.517158	3392	    128.507049	    128.528146	0.0	      0.000000	95	9486	
000140	  0.351453	6244.436523	    128.712474	    128.712474	3393	    128.702362	    128.723462	0.0	      0.000000	96	82701	
000141	 -0.694228	 16.066612	    128.839104	    128.839104	45883	    128.828113	    128.850092	0.0	      0.000000	96	82701	
000142	  0.023864	 73.993385	    129.362570	    129.362570	24921	    129.351579	    129.373558	0.0	      0.000000	99	4252	
000143	 -0.026034	 38.764404	    129.387645	    129.387645	33335	    129.376654	    129.398633	0.0	      0.000000	99	4252	
000144	  0.017356	8906.261719	    129.562525	    129.562525	26479	    129.551534	    129.573514	0.0	      0.000000	100	694428	
000145	 -0.696398	 24.849070	    129.844893	    129.844893	55690	    129.833902	    129.855882	0.0	      0.000000	101	1143	
000146	 -1.444863	 98.700104	    129.987334	    129.987334	37949	    129.976343	    129.998322	0.0	      0.000000	102	10588	
000147	  0.026034	 40.620625	    130.087508	    130.087508	6026	    130.076517	    130.098496	0.0	      0.000000	103	213	
000148	  3.759681	 49.841915	    130.687801	    130.687801	10843	    130.676810	    130.698790	0.0	      0.000000	106	257356	
000149	  0.060745	 88.516083	    130.712233	    130.712233	19041	    130.701242	    130.723222	0.0	      0.000000	106	257356	
000150	  0.036881	6861.238770	    130.762394	    130.762394	35872	    130.751403	    130.773382	0.0	      0.000000	106	257356	
000151	 -0.279861	267.940430	    130.787544	    130.787544	44311	    130.776553	    130.798532	0.0	      0.000000	106	257356	
000152	  0.624806	 10.933805	    130.887048	    130.887048	12163	    130.876057	    130.898036	0.0	      0.000000	107	8	
000153	  0.017356	 41.659592	    131.091870	    131.091870	15354	    131.080879	    131.102858	0.0	      0.000000	108	273710	
000154	  0.006508	29688.564453	    131.212141	    131.212141	55710	    131.201149	    131.223129	0.0	      0.000000	108	273710	
000155	 -0.026034	 22.243433	    131.241234	    131.241234	65472	    131.230242	    131.241421	0.0	      0.000000	108	273710	
000156	  0.045559	71471.750000	    131.263079	    131.263079	7266	    131.252088	    131.274067	0.0	      0.000000	109	6405763	
000157	 -0.010847	 22.734583	    131.290786	    131.290786	16563	    131.279795	    131.301774	0.0	      0.000000	109	6405763	
000158	  0.013017	685.855164	    131.337418	    131.337418	32210	    131.326427	    131.348406	0.0	      0.000000	109	6405763	
000159	  0.527180	7770.745605	    131.362061	    131.362061	40479	    131.351070	    131.373049	0.0	      0.000000	109	6405763	
000160	  0.214777	 23.811745	    131.384002	    131.384002	47841	    131.373011	    131.394990	0.0	      0.000000	109	6405763	
000161	 -0.073762	1183.709961	    131.462564	    131.462564	8666	    131.451572	    131.473552	0.0	      0.000000	110	492546	
000162	  0.509824	 31.946671	    131.486766	    131.486766	16787	    131.475775	    131.497754	0.0	      0.000000	110	492546	
000163	  0.175727	 75.168861	    131.537045	    131.537045	33658	    131.526054	    131.548034	0.0	      0.000000	110	492546	
000164	  0.021695	 14.056536	    131.574015	    131.574015	46063	    131.563024	    131.585003	0.0	      0.000000	110	492546	
000165	  0.036881	48359.132812	    131.587352	    131.587352	50538	    131.576361	    131.598340	0.0	      0.000000	110	492546	
000166	  0.021695	303.138458	    131.662153	    131.662153	10101	    131.651162	    131.673141	0.0	      0.000000	111	35318	
000167	  0.106304	 17.139046	    131.812496	    131.812496	60548	    131.801505	    131.823485	0.0	      0.000000	111	35318	
000168	 -0.249488	 23.829628	    131.856112	    131.856112	9647	    131.845121	    131.867100	0.0	      0.000000	112	17232	
000169	 -0.388334	 37.593868	    131.912400	    131.912400	28534	    131.901409	    131.923388	0.0	      0.000000	112	17232	
000170	  0.017356	 19.833920	    132.097481	    132.097481	25101	    132.086490	    132.108469	0.0	      0.000000	113	11310	
000171	  0.195252	100.297127	    132.170834	    132.170834	49714	    132.159842	    132.181822	0.0	      0.000000	113	11310	
000172	 -0.032542	 32.024868	    132.361908	    132.361908	48292	    132.350917	    132.372896	0.0	      0.000000	114	2033	
000173	 -0.004339	416.175110	    132.537137	    132.537137	41553	    132.526146	    132.548125	0.0	      0.000000	115	59469	
000174	  0.030372	348.432465	    132.736914	    132.736914	43051	    132.725923	    132.747902	0.0	      0.000000	116	23860	
000175	  0.021695	 25.174013	    132.837002	    132.837002	11099	    132.826011	    132.847990	0.0	      0.000000	117	715017	
000176	  0.167049	68896.234375	    132.853915	    132.853915	16774	    132.842924	    132.864903	0.0	      0.000000	117	715017	
000177	  0.004339	 12.307454	    133.093755	    133.093755	31715	    133.082764	    133.104743	0.0	      0.000000	118	34797	
000178	  0.028203	109.059692	    133.120783	    133.120783	40784	    133.109792	    133.131771	0.0	      0.000000	118	34797	
000179	  0.149693	 68.812309	    133.303837	    133.303837	36671	    133.292846	    133.314826	0.0	      0.000000	119	89787	
000180	  0.010847	1245.862915	    133.345814	    133.345814	50756	    133.334823	    133.356802	0.0	      0.000000	119	89787	
000181	 -0.084609	 60.278275	    133.429103	    133.429103	13167	    133.418111	    133.440091	0.0	      0.000000	120	22050	
000182	  0.013017	227.921051	    133.845328	    133.845328	21757	    133.834337	    133.856316	0.0	      0.000000	122	117375	
000183	  0.015186	269.568970	    133.887212	    133.887212	35811	    133.876221	    133.898200	0.0	      0.000000	122	117375	
000184	 -0.030372	533.033447	    133.937223	    133.937223	52592	    133.926232	    133.948211	0.0	      0.000000	122	117375	
000185	  0.021695	 60.547531	    133.987085	    133.987085	3787	    133.976094	    133.998074	0.0	      0.000000	123	41823	
000186	  0.049898	 57.170429	    134.037395	    134.037395	20668	    134.026404	    134.048383	0.0	      0.000000	123	41823	
000187	  0.236472	928.857361	    134.136946	    134.136946	54072	    134.125955	    134.147935	0.0	      0.000000	123	41823	
000188	 -0.010847	779.782227	    134.312095	    134.312095	47306	    134.301104	    134.323083	0.0	      0.000000	124	87381	
000189	  0.639992	60878.171875	    134.436910	    134.436910	23651	    134.425919	    134.447898	0.0	      0.000000	125	664061	
000190	  0.036881	1180.584961	    134.536849	    134.536849	57185	    134.525858	    134.547837	0.0	      0.000000	125	664061	
000191	  0.236472	139.245605	    134.566696	    134.566696	1664	    134.561737	    134.577684	0.0	      0.000000	126	5250	
000192	  0.238641	2007.406372	    134.761991	    134.761991	1658	    134.757049	    134.772979	0.0	      0.000000	127	82069	
000193	  0.425215	187.830139	    134.795318	    134.795318	12841	    134.784327	    134.806307	0.0	      0.000000	127	82069	
000194	  0.032542	234.367737	    135.012002	    135.012002	20012	    135.001011	    135.022990	0.0	      0.000000	128	116910	
000195	 -0.082440	831.799683	    135.062058	    135.062058	36808	    135.051067	    135.073046	0.0	      0.000000	128	116910	
000196	  0.132337	5106.731445	    135.136937	    135.136937	61933	    135.125945	    135.147671	0.0	      0.000000	128	116910	
000197	  0.127998	10896.010742	    135.186706	    135.186706	13097	    135.175715	    135.197695	0.0	      0.000000	129	101998	
000198	 -0.312403	220.925323	    135.332285	    135.332285	61945	    135.321294	    135.342984	0.0	      0.000000	129	101998	
000199	 -0.245149	48468.593750	    135.378949	    135.378949	12067	    135.367958	    135.389937	0.0	      0.000000	130	1106076	
000200	  0.015186	 23.195454	    135.559000	    135.559000	6946	    135.548009	    135.569988	0.0	      0.000000	131	675	
000201	  0.028203	 39.523197	    135.653715	    135.653715	38727	    135.642724	    135.664703	0.0	      0.000000	131	675	
000202	 -0.221285	 13.897213	    135.762234	    135.762234	9604	    135.751243	    135.773222	0.0	      0.000000	132	585491	
000203	 -1.436185	 17.958628	    135.829340	    135.829340	32121	    135.818349	    135.840328	0.0	      0.000000	132	585491	
000204	  2.440647	183.023605	    135.851808	    135.851808	39660	    135.840817	    135.862796	0.0	      0.000000	132	585491	
000205	  0.514163	19709.404297	    135.886748	    135.886748	51384	    135.875757	    135.897736	0.0	      0.000000	132	585491	
000206	 -3.701105	 25.735058	    135.921828	    135.921828	63155	    135.910837	    135.928921	0.0	      0.000000	132	585491	
000207	 -0.032542	 25.507437	    136.036859	    136.036859	36217	    136.025868	    136.047848	0.0	      0.000000	133	514586	
000208	  0.015186	40689.496094	    136.070315	    136.070315	47443	    136.059324	    136.081304	0.0	      0.000000	133	514586	
000209	  0.271183	253.530045	    136.137085	    136.137085	4311	    136.126094	    136.148073	0.0	      0.000000	134	67496	
000210	 -0.804871	 29.919830	    136.262564	    136.262564	46415	    136.251573	    136.273552	0.0	      0.000000	134	67496	
000211	  0.056406	 34.931847	    136.348499	    136.348499	9714	    136.337508	    136.359487	0.0	      0.000000	135	11413	
000212	  0.015186	 13.798528	    136.361955	    136.361955	14229	    136.350964	    136.372943	0.0	      0.000000	135	11413	
000213	 -0.331928	 96.363281	    136.420967	    136.420967	34030	    136.409976	    136.431955	0.0	      0.000000	135	11413	
000214	 -0.633483	 37.879768	    136.498745	    136.498745	60128	    136.487754	    136.509733	0.0	      0.000000	135	11413	
000215	 -0.203930	722.495728	    136.553411	    136.553411	12935	    136.542420	    136.564399	0.0	      0.000000	136	105225	
000216	 -1.420999	2312.955322	    136.571141	    136.571141	18884	    136.560149	    136.582129	0.0	      0.000000	136	105225	
000217	  0.147524	 17.179056	    136.810185	    136.810185	33558	    136.799194	    136.821173	0.0	      0.000000	137	2384212	
000218	 -0.255997	 23.279739	    136.862309	    136.862309	51048	    136.851318	    136.873297	0.0	      0.000000	137	2384212	
000219	 -3.236840	 54.646976	    137.063931	    137.063931	53165	    137.052940	    137.074919	0.0	      0.000000	138	11164324	
000220	 -3.980966	 37.862595	    137.192379	    137.192379	30729	    137.181388	    137.203367	0.0	      0.000000	139	805092	
000221	  0.017356	 16.081470	    137.336610	    137.336610	13589	    137.325619	    137.347598	0.0	      0.000000	140	17	
000222	 -3.818256	558.647583	    137.546183	    137.546183	18374	    137.535192	    137.557171	0.0	      0.000000	141	12609816	
000223	 -3.889848	620.135315	    137.798713	    137.798713	37573	    137.787722	    137.809701	0.0	      0.000000	142	12777054	
000224	 -3.794392	 27.683126	    137.856995	    137.856995	57129	    137.846003	    137.867983	0.0	      0.000000	142	12777054	
000225	  0.034711	 97.225983	    139.677758	    139.677758	12716	    139.666767	    139.688747	0.0	      0.000000	152	108136	
000226	  0.034711	112.623566	    139.695759	    139.695759	18756	    139.684768	    139.706747	0.0	      0.000000	152	108136	
000227	  0.021695	 51.677086	    140.086730	    140.086730	18872	    140.075739	    140.097718	0.0	      0.000000	154	105	
000228	  0.021695	 10.833939	    140.711681	    140.711681	31963	    140.700690	    140.722670	0.0	      0.000000	157	1	
000229	  0.015186	 16.023951	    141.836248	    141.836248	16089	    141.825257	    141.847236	0.0	      0.000000	163	9	
000230	 -0.086779	 20.596312	    142.111556	    142.111556	42931	    142.100565	    142.122544	0.0	      0.000000	164	24915	
000231	 -0.006508	 34.101170	    143.136494	    143.136494	59163	    143.125503	    143.147482	0.0	      0.000000	169	8237	
000232	 -0.299386	 79.473747	    143.436654	    143.436654	28808	    143.425663	    143.447642	0.0	      0.000000	171	19551	
000233	  0.021695	 25.296545	    143.836437	    143.836437	31881	    143.825446	    143.847425	0.0	      0.000000	173	212	
000234	 -0.015186	1585.706543	    144.353585	    144.353585	8799	    144.342594	    144.364573	0.0	      0.000000	176	2291452	
000235	  0.023864	80726.250000	    144.492401	    144.492401	55378	    144.481410	    144.503389	0.0	      0.000000	176	2291452	
000236	 -1.206222	 12.071385	    144.533803	    144.533803	3734	    144.522811	    144.544791	0.0	      0.000000	177	1915553	
000237	  0.026034	27626.148438	    144.566379	    144.566379	14665	    144.555388	    144.577368	0.0	      0.000000	177	1915553	
000238	  1.301678	300.196259	    144.883515	    144.883515	55542	    144.872524	    144.894503	0.0	      0.000000	178	4979473	
000239	  3.414736	 20.042809	    145.010318	    145.010318	32554	    144.999327	    145.021306	0.0	      0.000000	179	4506	
000240	 -0.453418	471.078796	    145.284681	    145.284681	59079	    145.273690	    145.295669	0.0	      0.000000	180	43210	
000241	 -1.112935	735.437683	    145.636226	    145.636226	45966	    145.625235	    145.647214	0.0	      0.000000	182	51663	
000242	 -0.989275	 17.256416	    145.661505	    145.661505	54448	    145.650513	    145.672493	0.0	      0.000000	182	51663	
000243	 -0.297217	 11.498653	    145.674832	    145.674832	58920	    145.663841	    145.685820	0.0	      0.000000	182	51663	
000244	  1.219239	111.087387	    145.697446	    145.697446	972	    145.694549	    145.708434	0.0	      0.000000	183	5540719	
000245	  0.004339	159.026672	    145.736231	    145.736231	13986	    145.725240	    145.747219	0.0	      0.000000	183	5540719	
000246	 -2.672779	1430.812256	    145.754985	    145.754985	20279	    145.743994	    145.765974	0.0	      0.000000	183	5540719	
000247	  0.067253	 39.476463	    145.811205	    145.811205	39143	    145.800213	    145.822193	0.0	      0.000000	183	5540719	
000248	 -1.069546	 34.491447	    145.836942	    145.836942	47779	    145.825951	    145.847930	0.0	      0.000000	183	5540719	
000249	 -2.835489	163.269165	    146.026425	    146.026425	45823	    146.015434	    146.037413	0.0	      0.000000	184	10894425	
000250	  1.683504	428.879425	    146.044148	    146.044148	51770	    146.033157	    146.055137	0.0	      0.000000	184	10894425	
000251	  0.195252	 96.700897	    146.585940	    146.585940	36957	    146.574949	    146.596928	0.0	      0.000000	187	12446	
000252	  0.015186	107.538750	    146.723680	    146.723680	17639	    146.712689	    146.734668	0.0	      0.000000	188	80092	
000253	  0.019525	 15.834726	    146.961196	    146.961196	31800	    146.950205	    146.972184	0.0	      0.000000	189	9	
000254	 -0.004339	 11.132562	    147.256769	    147.256769	65442	    147.245778	    147.257046	0.0	      0.000000	190	1	
000255	 -1.959026	 30.830923	    147.336994	    147.336994	26825	    147.326003	    147.347982	0.0	      0.000000	191	61649	
000256	 -0.247319	237.735092	    147.384421	    147.384421	42739	    147.373430	    147.395410	0.0	      0.000000	191	61649	
000257	  0.034711	 82.760284	    147.444843	    147.444843	63013	    147.433852	    147.452359	0.0	      0.000000	191	61649	
000258	  0.034711	 13.702873	    147.452642	    147.452642	94	    147.452362	    147.463630	0.0	      0.000000	192	204457	
000259	  0.049898	 24.969656	    147.470038	    147.470038	5931	    147.459046	    147.481026	0.0	      0.000000	192	204457	
000260	  2.219361	120.517380	    147.626613	    147.626613	58469	    147.615622	    147.637601	0.0	      0.000000	192	204457	
000261	  3.395211	 10.245502	    147.919555	    147.919555	25692	    147.908564	    147.930543	0.0	      0.000000	194	61152	
000262	  0.052067	377.599182	    147.985662	    147.985662	47874	    147.974671	    147.996651	0.0	      0.000000	194	61152	
000263	  0.019525	 11.352219	    148.099087	    148.099087	20397	    148.088096	    148.110075	0.0	      0.000000	195	17	
000264	  0.036881	 96.734482	    148.294432	    148.294432	20408	    148.283441	    148.305421	0.0	      0.000000	196	84958	
000265	  0.023864	 29.582712	    148.373534	    148.373534	46950	    148.362543	    148.384522	0.0	      0.000000	196	84958	
000266	  0.026034	105.084122	    148.448478	    148.448478	6561	    148.437487	    148.459466	0.0	      0.000000	197	464077	
000267	 -0.329758	 27.372864	    148.602123	    148.602123	58116	    148.591132	    148.613112	0.0	      0.000000	197	464077	
000268	 -0.978428	 13.612091	    148.645319	    148.645319	7074	    148.634328	    148.656307	0.0	      0.000000	198	2056	
000269	  0.030372	553.641907	    149.101599	    149.101599	29104	    149.090607	    149.112587	0.0	      0.000000	200	1454081	
000270	 -3.419075	156.915726	    149.470688	    149.470688	21878	    149.459697	    149.481676	0.0	      0.000000	202	517038	
000271	  0.021695	585.691650	    150.085951	    150.085951	31718	    150.074960	    150.096939	0.0	      0.000000	205	23711	
000272	 -0.067253	 12.732202	    150.322850	    150.322850	45672	    150.311859	    150.333838	0.0	      0.000000	206	108	
000273	  0.073762	 78.198555	    150.386228	    150.386228	1402	    150.382049	    150.397216	0.0	      0.000000	207	571282	
000274	  0.839582	347.272125	    150.542103	    150.542103	53705	    150.531112	    150.553091	0.0	      0.000000	207	571282	
000275	  0.264675	11933.411133	    150.986390	    150.986390	6175	    150.975399	    150.997378	0.0	      0.000000	210	99840	
000276	  0.023864	 10.393401	    151.209427	    151.209427	15478	    151.198436	    151.220415	0.0	      0.000000	211	17049	
000277	  0.045559	 20.335888	    151.260768	    151.260768	32705	    151.249777	    151.271756	0.0	      0.000000	211	17049	
000278	  0.002169	101.520149	    151.285149	    151.285149	40886	    151.274158	    151.296137	0.0	      0.000000	211	17049	
000279	  0.553213	11797.947266	    151.686211	    151.686211	44388	    151.675220	    151.697199	0.0	      0.000000	213	189104	
000280	 -2.670610	 58.431862	    153.056259	    153.056259	45348	    153.045268	    153.067248	0.0	      0.000000	220	14866	
000281	  0.021695	 11.989902	    153.210707	    153.210707	31636	    153.199716	    153.221695	0.0	      0.000000	221	3	
000282	  0.568399	 18.765541	    154.588459	    154.588459	35181	    154.577468	    154.599447	0.0	      0.000000	228	845	
000283	  0.190913	 12.980850	    154.760821	    154.760821	27480	    154.749830	    154.771809	0.0	      0.000000	229	645	
000284	 -0.002169	 13.649549	    155.260567	    155.260567	64095	    155.249576	    155.264859	0.0	      0.000000	231	15	
000285	 -0.308064	4713.689941	    155.885093	    155.885093	11507	    155.874102	    155.896081	0.0	      0.000000	235	583489	
000286	  0.019525	 70.117149	    156.335466	    156.335466	31555	    156.324474	    156.346454	0.0	      0.000000	237	208	
000287	  0.041220	 20.179712	    156.460379	    156.460379	7933	    156.449388	    156.471367	0.0	      0.000000	238	85372	
000288	  0.006508	237.856216	    156.509630	    156.509630	24459	    156.498639	    156.520618	0.0	      0.000000	238	85372	
000289	  0.104134	666.185425	    156.585349	    156.585349	49866	    156.574358	    156.596337	0.0	      0.000000	238	85372	
000290	 -0.088948	 35.429161	    156.640030	    156.640030	2678	    156.632049	    156.651019	0.0	      0.000000	239	474769	
000291	 -2.330004	 20.656996	    156.710420	    156.710420	26297	    156.699429	    156.721409	0.0	      0.000000	239	474769	
000292	  0.099795	6243.483398	    156.735061	    156.735061	34565	    156.724070	    156.746049	0.0	      0.000000	239	474769	
000293	 -0.770160	 55.711647	    156.810622	    156.810622	59919	    156.799631	    156.821610	0.0	      0.000000	239	474769	
000294	 -0.086779	3172.008789	    156.835328	    156.835328	2673	    156.827362	    156.846316	0.0	      0.000000	240	721170	
000295	  0.086779	3438.279053	    156.885226	    156.885226	19416	    156.874235	    156.896214	0.0	      0.000000	240	721170	
000296	  0.974089	 25.359064	    156.934784	    156.934784	36045	    156.923793	    156.945772	0.0	      0.000000	240	721170	
000297	  0.017356	107.796692	    156.960086	    156.960086	44535	    156.949095	    156.971075	0.0	      0.000000	240	721170	
000298	 -0.004339	117.184860	    157.605798	    157.605798	64592	    157.594807	    157.608609	0.0	      0.000000	243	22843	
000299	  0.006508	318.887817	    157.793887	    157.793887	62168	    157.782896	    157.803921	0.0	      0.000000	244	560286	
000300	  0.008678	11561.838867	    157.944255	    157.944255	47087	    157.933263	    157.955243	0.0	      0.000000	245	13178292	
000301	  0.006508	 18.213957	    157.989184	    157.989184	62163	    157.978193	    157.999234	0.0	      0.000000	245	13178292	
000302	  0.568399	 15.551755	    158.088176	    158.088176	29843	    158.077185	    158.099164	0.0	      0.000000	246	2164	
000303	  0.043389	 26.425169	    158.589770	    158.589770	1542	    158.585174	    158.600758	0.0	      0.000000	249	263	
000304	  0.049898	807.294067	    158.785064	    158.785064	1536	    158.780487	    158.796053	0.0	      0.000000	250	18489	
000305	  0.026034	 10.834579	    159.460218	    159.460218	31472	    159.449227	    159.471206	0.0	      0.000000	253	1	
000306	  0.023864	231.807053	    159.710492	    159.710492	49914	    159.699501	    159.721480	0.0	      0.000000	254	295511	
000307	 -0.008678	 18.934677	    159.835167	    159.835167	26212	    159.824176	    159.846155	0.0	      0.000000	255	42	
000308	  0.019525	155.669281	    160.085173	    160.085173	44564	    160.074182	    160.096161	0.0	      0.000000	256	1154	
000309	  0.010847	 10.123986	    160.100771	    160.100771	49798	    160.089780	    160.111760	0.0	      0.000000	256	1154	
000310	  0.026034	 84.572838	    160.209979	    160.209979	20906	    160.198988	    160.220967	0.0	      0.000000	257	43409	
000311	  0.004339	942.209351	    160.539724	    160.539724	478	    160.538299	    160.550712	0.0	      0.000000	259	14715	
000312	  0.006508	 13.477925	    160.709898	    160.709898	57579	    160.698907	    160.720886	0.0	      0.000000	259	14715	
000313	  0.004339	7748.675293	    160.735021	    160.735021	473	    160.733612	    160.746010	0.0	      0.000000	260	57352	
000314	  0.127998	 12.121972	    160.753031	    160.753031	6516	    160.742040	    160.764019	0.0	      0.000000	260	57352	
000315	  0.067253	 98.534691	    160.810010	    160.810010	25635	    160.799019	    160.820998	0.0	      0.000000	260	57352	
000316	  0.030372	29109.312500	    161.323057	    161.323057	1177	    161.319549	    161.334045	0.0	      0.000000	263	10731157	
000317	  0.028203	13900.711914	    161.526753	    161.526753	3990	    161.515762	    161.537741	0.0	      0.000000	264	12481217	
000318	  0.004339	240.179962	    161.660044	    161.660044	48715	    161.649053	    161.671032	0.0	      0.000000	264	12481217	
000319	  0.039050	545.282349	    161.684866	    161.684866	57044	    161.673875	    161.695854	0.0	      0.000000	264	12481217	
000320	  0.054237	205.357788	    161.734725	    161.734725	8238	    161.723734	    161.745714	0.0	      0.000000	265	1968335	
000321	  0.039050	8757.796875	    161.759992	    161.759992	16716	    161.749001	    161.770980	0.0	      0.000000	265	1968335	
000322	  0.088948	9024.273438	    161.784984	    161.784984	25102	    161.773993	    161.795972	0.0	      0.000000	265	1968335	
000323	  0.039050	 47.300156	    161.834998	    161.834998	41884	    161.824007	    161.845986	0.0	      0.000000	265	1968335	
000324	  0.041220	628.888062	    161.884905	    161.884905	58630	    161.873914	    161.895893	0.0	      0.000000	265	1968335	
000325	  0.123659	 12.312090	    161.909877	    161.909877	1473	    161.905487	    161.920865	0.0	      0.000000	266	8778683	
000326	 -0.026034	 44.573673	    161.985050	    161.985050	26697	    161.974059	    161.996038	0.0	      0.000000	266	8778683	
000327	 -0.021695	 53.258553	    162.034838	    162.034838	43403	    162.023847	    162.045826	0.0	      0.000000	266	8778683	
000328	 -0.013017	121.537285	    162.059830	    162.059830	51789	    162.048839	    162.070818	0.0	      0.000000	266	8778683	
000329	 -0.353623	126.781921	    162.110107	    162.110107	3123	    162.100799	    162.121095	0.0	      0.000000	267	8556400	
000330	  0.021695	 43.382549	    162.584977	    162.584977	31391	    162.573986	    162.595965	0.0	      0.000000	269	138	
000331	  0.134507	156.944504	    163.285293	    163.285293	4234	    163.274302	    163.296281	0.0	      0.000000	273	17972	
000332	 -0.028203	 82.606491	    164.709459	    164.709459	23353	    164.698468	    164.720447	0.0	      0.000000	280	64219	
000333	  0.032542	 13.347101	    166.085105	    166.085105	26191	    166.074113	    166.096093	0.0	      0.000000	287	64	
000334	  0.034711	568.987488	    166.234495	    166.234495	10782	    166.223504	    166.245483	0.0	      0.000000	288	248911	
000335	  0.305894	 19.297546	    166.250421	    166.250421	16126	    166.239430	    166.261409	0.0	      0.000000	288	248911	
000336	  0.034711	106.284767	    166.347404	    166.347404	48668	    166.336413	    166.358392	0.0	      0.000000	288	248911	
000337	  0.023864	 11.459203	    166.371907	    166.371907	56890	    166.360916	    166.382895	0.0	      0.000000	288	248911	
000338	  0.021695	 68.249794	    166.751318	    166.751318	53127	    166.740327	    166.762306	0.0	      0.000000	290	291	
000339	  0.030372	 18.100597	    166.884388	    166.884388	32242	    166.873397	    166.895376	0.0	      0.000000	291	71	
000340	  0.034711	110.062988	    167.009331	    167.009331	8630	    166.998340	    167.020319	0.0	      0.000000	292	860561	
000341	  0.023864	3586.498779	    167.121907	    167.121907	46404	    167.110915	    167.132895	0.0	      0.000000	292	860561	
000342	  0.030372	 56.734329	    167.185087	    167.185087	2068	    167.178924	    167.196076	0.0	      0.000000	293	13062	
000343	  0.310233	391.753387	    167.384662	    167.384662	3498	    167.374237	    167.395650	0.0	      0.000000	294	286797	
000344	  0.019525	657.409363	    167.999138	    167.999138	13074	    167.988147	    168.010126	0.0	      0.000000	297	6686540	
000345	  1.379779	 20.160786	    168.699954	    168.699954	51621	    168.688963	    168.710943	0.0	      0.000000	300	8264	
000346	  0.026034	 21.860641	    168.834488	    168.834488	31227	    168.823497	    168.845476	0.0	      0.000000	301	26	
000347	  0.026034	131.329620	    169.059749	    169.059749	41276	    169.048758	    169.070737	0.0	      0.000000	302	94677	
000348	 -0.008678	1954.973755	    169.168018	    169.168018	12069	    169.157027	    169.179006	0.0	      0.000000	303	6577822	
000349	  0.171388	 19.507067	    169.773368	    169.773368	18583	    169.762377	    169.784357	0.0	      0.000000	306	15387973	
000350	  0.021695	15156.993164	    169.880207	    169.880207	54432	    169.869216	    169.891195	0.0	      0.000000	306	15387973	
000351	  0.026034	 15.171591	    169.917194	    169.917194	1307	    169.913299	    169.928183	0.0	      0.000000	307	2190972	
000352	  0.026034	5321.048828	    170.084388	    170.084388	57408	    170.073397	    170.095377	0.0	      0.000000	307	2190972	
000353	  0.423045	267.419159	    170.349090	    170.349090	15155	    170.338099	    170.360078	0.0	      0.000000	309	644621	
000354	  0.026034	 24.440531	    170.647012	    170.647012	49585	    170.636021	    170.658000	0.0	      0.000000	310	155	
000355	  0.023864	 15.781076	    171.488063	    171.488063	4115	    171.477072	    171.499051	0.0	      0.000000	315	10	
000356	  1.110765	247.066544	    171.858914	    171.858914	63016	    171.847923	    171.866421	0.0	      0.000000	316	25056	
000357	  0.026034	 20.360281	    171.959244	    171.959244	31145	    171.948253	    171.970232	0.0	      0.000000	317	16329	
000358	  1.210561	 86.741707	    172.054206	    172.054206	63009	    172.043215	    172.061734	0.0	      0.000000	317	16329	
000359	  0.019525	9807.187500	    172.340394	    172.340394	27966	    172.329403	    172.351383	0.0	      0.000000	319	572346	
000360	  0.023864	 80.037407	    172.507738	    172.507738	18581	    172.496746	    172.518726	0.0	      0.000000	320	24123	
000361	 -1.982890	268.382416	    172.684152	    172.684152	12240	    172.673161	    172.695140	0.0	      0.000000	321	34964	
000362	  0.019525	 81.954170	    172.715364	    172.715364	22713	    172.704373	    172.726352	0.0	      0.000000	321	34964	
000363	 -0.045559	109.663719	    173.152722	    173.152722	38394	    173.141731	    173.163710	0.0	      0.000000	323	49045	
000364	  0.006508	 38.595730	    173.409493	    173.409493	59016	    173.398502	    173.420481	0.0	      0.000000	324	6799	
000365	  0.062914	251.708191	    173.608978	    173.608978	60416	    173.597987	    173.619966	0.0	      0.000000	325	33082	
000366	 -0.104134	171.923965	    173.733233	    173.733233	36573	    173.722242	    173.744221	0.0	      0.000000	326	23852	
000367	  0.023864	 79.680481	    175.084002	    175.084002	31064	    175.073011	    175.094990	0.0	      0.000000	333	342	
000368	  0.145354	 58.652035	    177.335326	    177.335326	51	    177.335174	    177.346314	0.0	      0.000000	345	380	
000369	  3.434261	 27.676289	    179.083733	    179.083733	62431	    179.072742	    179.092984	0.0	      0.000000	353	1970	
000370	  0.023864	128.228439	    180.083613	    180.083613	4719	    180.072622	    180.094601	0.0	      0.000000	359	2705	
000371	  0.017356	 23.922209	    180.101158	    180.101158	10606	    180.090167	    180.112146	0.0	      0.000000	359	2705	
000372	 -0.002169	 39.744148	    181.236117	    181.236117	63755	    181.225125	    181.241421	0.0	      0.000000	364	1440159	
000373	 -0.342775	 27.893829	    183.682679	    183.682679	32717	    183.671687	    183.693667	0.0	      0.000000	377	4972	
000374	  1.791977	 19.089983	    184.132723	    184.132723	52655	    184.121732	    184.143712	0.0	      0.000000	379	2918	
000375	 -0.084609	830.537781	    184.556042	    184.556042	63625	    184.545051	    184.561734	0.0	      0.000000	381	3412341	
000376	  0.030372	 87.410805	    187.583025	    187.583025	30736	    187.572034	    187.594013	0.0	      0.000000	397	433	
000377	  0.032542	 23.585552	    188.087968	    188.087968	3559	    188.077362	    188.098957	0.0	      0.000000	400	62	
000378	  0.026034	6659.951172	    190.082832	    190.082832	17564	    190.071841	    190.093820	0.0	      0.000000	410	1537621	
