# -------------------------- o --------------------------
# File ID: TIC250724252.bary.0000.h5 
# -------------------------- o --------------------------
# Source:TICObj 
# MJD: 59410.295264082284	RA: 2h14m01.26s	DEC: 53d07m17.43s
# DELTAT:   0.671089	DELTAF(Hz):   2.980232	max_drift_rate:   4.000000	obs_length: 899.929866
# --------------------------
# Top_Hit_# 	Drift_Rate 	SNR 	Uncorrected_Frequency 	Corrected_Frequency 	Index 	freq_start 	freq_end 	SEFD 	SEFD_freq 	Coarse_Channel_Number 	Full_number_of_hits 	
# --------------------------
000001	  0.002169	1446.007202	    110.089707	    110.089707	45872	    110.078716	    110.100695	0.0	      0.000000	0	78926	
000002	 -0.002169	102.965424	    110.384535	    110.384535	13728	    110.373544	    110.395524	0.0	      0.000000	2	4554	
000003	 -1.466557	 11.029853	    111.645490	    111.645490	43618	    111.634498	    111.656478	0.0	      0.000000	8	37	
000004	  0.041220	 39.706188	    112.190103	    112.190103	29752	    112.179112	    112.201091	0.0	      0.000000	11	662	
000005	  0.002169	 19.345518	    112.589526	    112.589526	32704	    112.578535	    112.600514	0.0	      0.000000	13	13	
000006	  0.006508	 20.465662	    113.940578	    113.940578	27290	    113.929587	    113.951566	0.0	      0.000000	20	67	
000007	 -1.891772	359.850525	    114.690324	    114.690324	16719	    114.679333	    114.701312	0.0	      0.000000	24	69956	
000008	  0.002169	 28.642849	    115.589228	    115.589228	56197	    115.578237	    115.600216	0.0	      0.000000	28	36	
000009	  0.008678	 14.465516	    115.889543	    115.889543	25894	    115.878552	    115.900531	0.0	      0.000000	30	8	
000010	 -0.171388	 25.106663	    118.189030	    118.189030	11042	    118.178039	    118.200019	0.0	      0.000000	42	1403	
000011	  0.002169	163604.093750	    118.464046	    118.464046	37786	    118.453055	    118.475034	0.0	      0.000000	43	2600037	
000012	  0.364470	127.926056	    118.489569	    118.489569	46350	    118.478578	    118.500557	0.0	      0.000000	43	2600037	
000013	  0.002169	 62.022491	    118.564039	    118.564039	5802	    118.553048	    118.575027	0.0	      0.000000	44	8947	
000014	 -0.093287	 37.548214	    118.614050	    118.614050	22583	    118.603059	    118.625038	0.0	      0.000000	44	8947	
000015	  0.006508	 10.362009	    118.689090	    118.689090	47762	    118.678099	    118.700078	0.0	      0.000000	44	8947	
000016	 -0.060745	 12.430513	    118.814066	    118.814066	24161	    118.803075	    118.825054	0.0	      0.000000	45	32	
000017	 -0.141015	 38.631287	    118.943801	    118.943801	2157	    118.937373	    118.954789	0.0	      0.000000	46	95992	
000018	 -0.151862	5434.479980	    118.964001	    118.964001	8935	    118.953010	    118.974989	0.0	      0.000000	46	95992	
000019	  0.026034	 62.259335	    119.089129	    119.089129	50921	    119.078138	    119.100117	0.0	      0.000000	46	95992	
000020	 -0.123659	822.833496	    119.139090	    119.139090	2149	    119.132685	    119.150078	0.0	      0.000000	47	226661	
000021	  0.002169	1076.751953	    119.163864	    119.163864	10462	    119.152873	    119.174853	0.0	      0.000000	47	226661	
000022	  1.245272	4338.981445	    119.288069	    119.288069	52138	    119.277078	    119.299057	0.0	      0.000000	47	226661	
000023	 -0.039050	 21.734198	    119.596982	    119.596982	24720	    119.585991	    119.607970	0.0	      0.000000	49	749	
000024	  0.002169	 42.441143	    119.638955	    119.638955	38804	    119.627964	    119.649943	0.0	      0.000000	49	749	
000025	 -0.034711	16543.984375	    119.888737	    119.888737	57081	    119.877746	    119.899726	0.0	      0.000000	50	151265	
000026	  0.002169	 16.835667	    120.095351	    120.095351	60873	    120.084360	    120.106339	0.0	      0.000000	51	28	
000027	  0.121490	9055.923828	    120.339128	    120.339128	11599	    120.328137	    120.350116	0.0	      0.000000	53	134069	
000028	 -0.210438	168.705933	    120.463958	    120.463958	53485	    120.452967	    120.474946	0.0	      0.000000	53	134069	
000029	  0.008678	 24.434910	    120.513933	    120.513933	4718	    120.502942	    120.524922	0.0	      0.000000	54	29941	
000030	  0.028203	189.858185	    120.539090	    120.539090	13159	    120.528099	    120.550078	0.0	      0.000000	54	29941	
000031	  0.006508	 28.024708	    120.563936	    120.563936	21496	    120.552945	    120.574924	0.0	      0.000000	54	29941	
000032	 -0.225624	13463.498047	    120.738935	    120.738935	14680	    120.727944	    120.749923	0.0	      0.000000	55	100066	
000033	  0.002169	703.000793	    121.463629	    121.463629	61239	    121.452638	    121.474617	0.0	      0.000000	58	39666	
000034	 -0.006508	7375.827148	    121.763864	    121.763864	30909	    121.752873	    121.774852	0.0	      0.000000	60	130856	
000035	  0.030372	 41.344189	    121.888652	    121.888652	7245	    121.877661	    121.899640	0.0	      0.000000	61	71616	
000036	  2.690135	1975.332886	    121.988004	    121.988004	40582	    121.977013	    121.998992	0.0	      0.000000	61	71616	
000037	 -0.002169	 13.160421	    122.938761	    122.938761	31923	    122.927770	    122.949749	0.0	      0.000000	66	15591	
000038	  0.117151	121.589317	    122.963994	    122.963994	40390	    122.953003	    122.974982	0.0	      0.000000	66	15591	
000039	 -0.045559	30847.140625	    123.288694	    123.288694	18269	    123.277703	    123.299682	0.0	      0.000000	68	216867	
000040	  0.258166	 14.568761	    123.563635	    123.563635	44988	    123.552644	    123.574623	0.0	      0.000000	69	75046	
000041	  0.724601	374.555542	    123.613181	    123.613181	61613	    123.602190	    123.624169	0.0	      0.000000	69	75046	
000042	  0.017356	 27.252932	    123.638710	    123.638710	4643	    123.627719	    123.649698	0.0	      0.000000	70	120158	
000043	 -0.101965	4978.909668	    123.813799	    123.813799	63393	    123.802808	    123.820182	0.0	      0.000000	70	120158	
000044	 -0.002169	 37.331966	    123.888686	    123.888686	22985	    123.877695	    123.899674	0.0	      0.000000	71	66988	
000045	 -0.097626	589.545471	    124.009096	    124.009096	63388	    123.998105	    124.015495	0.0	      0.000000	71	66988	
000046	  0.004339	209.685928	    124.163764	    124.163764	49750	    124.152773	    124.174752	0.0	      0.000000	72	38824	
000047	 -0.097626	5381.443359	    124.238690	    124.238690	9355	    124.227699	    124.249678	0.0	      0.000000	73	1926903	
000048	 -0.045559	585.229980	    124.263620	    124.263620	17720	    124.252629	    124.274608	0.0	      0.000000	73	1926903	
000049	 -0.032542	234173.750000	    124.288767	    124.288767	26158	    124.277776	    124.299755	0.0	      0.000000	73	1926903	
000050	  0.010847	119.718071	    124.438551	    124.438551	10881	    124.427560	    124.449539	0.0	      0.000000	74	177216	
000051	  0.006508	637.276733	    124.488720	    124.488720	27715	    124.477729	    124.499708	0.0	      0.000000	74	177216	
000052	 -0.062914	775.022522	    124.638649	    124.638649	12487	    124.627658	    124.649638	0.0	      0.000000	75	1221877	
000053	 -0.067253	1061.192627	    124.663576	    124.663576	20851	    124.652585	    124.674564	0.0	      0.000000	75	1221877	
000054	 -0.080270	99135.890625	    124.763295	    124.763295	54311	    124.752304	    124.774283	0.0	      0.000000	75	1221877	
000055	  0.054237	 29.285076	    124.863779	    124.863779	22492	    124.852788	    124.874767	0.0	      0.000000	76	1501	
000056	 -0.381826	138.809265	    125.063586	    125.063586	24000	    125.052595	    125.074574	0.0	      0.000000	77	53967	
000057	  0.010847	 65.883072	    125.138542	    125.138542	49151	    125.127551	    125.149530	0.0	      0.000000	77	53967	
000058	 -0.041220	 14.208618	    125.938171	    125.938171	55318	    125.927180	    125.949159	0.0	      0.000000	81	1022	
000059	 -0.277691	1363087.375000	    126.138559	    126.138559	57021	    126.127567	    126.149547	0.0	      0.000000	82	2901718	
000060	  0.008678	582.267212	    126.713448	    126.713448	53314	    126.702457	    126.724436	0.0	      0.000000	85	96651	
000061	  0.214777	 12.863631	    126.738417	    126.738417	61692	    126.727426	    126.749405	0.0	      0.000000	85	96651	
000062	 -0.013017	5608.282715	    126.871895	    126.871895	40944	    126.860904	    126.882884	0.0	      0.000000	86	77295	
000063	  0.006508	 51.844986	    127.088451	    127.088451	48072	    127.077460	    127.099439	0.0	      0.000000	87	197	
000064	  0.392673	 65.499023	    127.142804	    127.142804	774	    127.140498	    127.153793	0.0	      0.000000	88	156511	
000065	  0.004339	138.379120	    127.163443	    127.163443	7699	    127.152451	    127.174431	0.0	      0.000000	88	156511	
000066	  0.019525	 21.223742	    127.188396	    127.188396	16072	    127.177405	    127.199384	0.0	      0.000000	88	156511	
000067	  0.002169	1145.073975	    127.288547	    127.288547	49677	    127.277556	    127.299535	0.0	      0.000000	88	156511	
000068	  0.370978	301.451385	    127.338117	    127.338117	774	    127.335810	    127.349105	0.0	      0.000000	89	19600	
000069	  0.208269	981.434814	    127.613371	    127.613371	27598	    127.602380	    127.624359	0.0	      0.000000	90	78682	
000070	  0.685551	413.105865	    127.663216	    127.663216	44323	    127.652224	    127.674204	0.0	      0.000000	90	78682	
000071	  0.002169	 21.583281	    127.838426	    127.838426	37578	    127.827435	    127.849415	0.0	      0.000000	91	64	
000072	 -0.329758	521293.437500	    127.955326	    127.955326	11267	    127.944335	    127.966314	0.0	      0.000000	92	3381538	
000073	  0.006508	305.126678	    128.088408	    128.088408	55922	    128.077417	    128.099396	0.0	      0.000000	92	3381538	
000074	  0.101965	1567.803589	    128.138482	    128.138482	7188	    128.127491	    128.149470	0.0	      0.000000	93	400587	
000075	 -0.431723	5480.974609	    128.263333	    128.263333	49081	    128.252342	    128.274321	0.0	      0.000000	93	400587	
000076	 -0.321081	4807.926758	    128.288483	    128.288483	57520	    128.277492	    128.299471	0.0	      0.000000	93	400587	
000077	  0.008678	 89.024002	    129.363322	    129.363322	24960	    129.352331	    129.374310	0.0	      0.000000	99	1247	
000078	 -0.047728	 10.851396	    129.388409	    129.388409	33378	    129.377418	    129.399398	0.0	      0.000000	99	1247	
000079	  0.008678	993.044556	    129.563275	    129.563275	26517	    129.552283	    129.574263	0.0	      0.000000	100	214251	
000080	 -0.023864	383.271027	    131.213271	    131.213271	55876	    131.202280	    131.224259	0.0	      0.000000	108	25310	
000081	 -1.952517	 16.120502	    131.265172	    131.265172	7755	    131.254181	    131.276160	0.0	      0.000000	109	2370434	
000082	  0.496807	903657.062500	    131.362572	    131.362572	40437	    131.351581	    131.373560	0.0	      0.000000	109	2370434	
000083	 -0.036881	 62.096275	    131.463307	    131.463307	8702	    131.452316	    131.474295	0.0	      0.000000	110	5365	
000084	  0.026034	 12.148299	    131.813222	    131.813222	60578	    131.802231	    131.824210	0.0	      0.000000	111	95	
000085	 -0.084609	1370.818115	    131.913191	    131.913191	28586	    131.902200	    131.924179	0.0	      0.000000	112	167443	
000086	  0.052067	 10.630879	    131.963172	    131.963172	45357	    131.952181	    131.974160	0.0	      0.000000	112	167443	
000087	 -0.203930	14534.449219	    132.088172	    132.088172	21764	    132.077181	    132.099160	0.0	      0.000000	113	124572	
000088	  0.008678	 58.350208	    132.171583	    132.171583	49752	    132.160592	    132.182571	0.0	      0.000000	113	124572	
000089	  0.249488	 12.461075	    132.426801	    132.426801	4317	    132.415810	    132.437789	0.0	      0.000000	115	1810036	
000090	 -0.104134	638216.562500	    132.537689	    132.537689	41525	    132.526698	    132.548678	0.0	      0.000000	115	1810036	
000091	  0.017356	 51.105553	    132.837766	    132.837766	11142	    132.826775	    132.848754	0.0	      0.000000	117	194566	
000092	  0.138846	8376.302734	    132.862997	    132.862997	19608	    132.852006	    132.873985	0.0	      0.000000	117	194566	
000093	 -0.056406	 13.679280	    132.937982	    132.937982	44769	    132.926991	    132.948970	0.0	      0.000000	117	194566	
000094	 -0.056406	493.081360	    132.954722	    132.954722	50386	    132.943731	    132.965710	0.0	      0.000000	117	194566	
000095	  0.023864	 13.089496	    133.013108	    133.013108	4441	    133.002117	    133.024096	0.0	      0.000000	118	90	
000096	  0.522841	4360.515625	    133.237859	    133.237859	14319	    133.226868	    133.248847	0.0	      0.000000	119	3404166	
000097	 -0.110643	 35.893559	    133.304527	    133.304527	36689	    133.293536	    133.315515	0.0	      0.000000	119	3404166	
000098	  2.306140	 59.940575	    133.319309	    133.319309	41649	    133.308318	    133.330297	0.0	      0.000000	119	3404166	
000099	  0.023864	647672.625000	    133.346372	    133.346372	50730	    133.335381	    133.357361	0.0	      0.000000	119	3404166	
000100	 -0.104134	 21.538490	    133.372062	    133.372062	59350	    133.361071	    133.383050	0.0	      0.000000	119	3404166	
000101	  0.767990	 34.327816	    133.570817	    133.570817	60505	    133.559826	    133.581805	0.0	      0.000000	120	7561	
000102	 -0.065084	 43.696167	    133.592671	    133.592671	2302	    133.585810	    133.603659	0.0	      0.000000	121	2251	
000103	 -0.067253	1361.612793	    133.787971	    133.787971	2298	    133.781123	    133.798959	0.0	      0.000000	122	65346	
000104	  0.010847	288.405334	    133.887982	    133.887982	35856	    133.876991	    133.898970	0.0	      0.000000	122	65346	
000105	  0.010847	1370.826416	    133.987858	    133.987858	3833	    133.976867	    133.998847	0.0	      0.000000	123	388776	
000106	 -0.045559	805.107483	    134.037613	    134.037613	20528	    134.026622	    134.048602	0.0	      0.000000	123	388776	
000107	 -0.019525	316.571564	    134.138137	    134.138137	54258	    134.127146	    134.149125	0.0	      0.000000	123	388776	
000108	 -0.114982	 73.004242	    134.312763	    134.312763	47317	    134.301772	    134.323752	0.0	      0.000000	124	8930	
000109	  0.039050	164214.890625	    134.437859	    134.437859	23756	    134.426868	    134.448847	0.0	      0.000000	125	1381677	
000110	  0.010847	 13.506088	    134.462943	    134.462943	32173	    134.451952	    134.473931	0.0	      0.000000	125	1381677	
000111	  0.036881	309.797455	    134.538000	    134.538000	57358	    134.527009	    134.548989	0.0	      0.000000	125	1381677	
000112	 -0.223455	255.562393	    134.637966	    134.637966	25365	    134.626975	    134.648954	0.0	      0.000000	126	37080	
000113	 -0.067253	 47.846016	    134.796351	    134.796351	12974	    134.785360	    134.807339	0.0	      0.000000	127	8020	
000114	  0.002169	502.232269	    135.012814	    135.012814	20071	    135.001823	    135.023802	0.0	      0.000000	128	313741	
000115	 -0.186574	3900.435547	    135.062879	    135.062879	36870	    135.051888	    135.073867	0.0	      0.000000	128	313741	
000116	 -0.054237	1066.851929	    135.137674	    135.137674	61967	    135.126683	    135.148307	0.0	      0.000000	128	313741	
000117	  0.162710	604.550110	    135.188701	    135.188701	13553	    135.177710	    135.199689	0.0	      0.000000	129	69888	
000118	  0.008678	 53.107738	    135.261049	    135.261049	37829	    135.250058	    135.272038	0.0	      0.000000	129	69888	
000119	 -0.143185	 32.954376	    135.333001	    135.333001	61972	    135.322010	    135.343620	0.0	      0.000000	129	69888	
000120	 -0.013017	33112.480469	    135.379248	    135.379248	11954	    135.368257	    135.390237	0.0	      0.000000	130	257293	
000121	  0.023864	 57.371971	    135.579657	    135.579657	13664	    135.568666	    135.590645	0.0	      0.000000	131	9062	
000122	  0.249488	1685.075806	    136.071169	    136.071169	47516	    136.060178	    136.082157	0.0	      0.000000	133	60237	
000123	  0.106304	 45.723972	    136.137685	    136.137685	4299	    136.126694	    136.148673	0.0	      0.000000	134	6816	
000124	  0.134507	520.354431	    136.362737	    136.362737	14278	    136.351746	    136.373725	0.0	      0.000000	135	35946	
000125	 -0.013017	119700.453125	    136.571288	    136.571288	18720	    136.560297	    136.582276	0.0	      0.000000	136	417886	
000126	  0.297217	1664.359009	    136.637672	    136.637672	40995	    136.626681	    136.648660	0.0	      0.000000	136	417886	
000127	 -0.323250	175.085876	    136.864045	    136.864045	51417	    136.853054	    136.875033	0.0	      0.000000	137	12284497	
000128	 -0.279861	 11.705632	    137.040013	    137.040013	44926	    137.029022	    137.051001	0.0	      0.000000	138	9446911	
000129	 -3.327957	 53.719456	    137.064665	    137.064665	53198	    137.053674	    137.075653	0.0	      0.000000	138	9446911	
000130	 -0.216946	 18.852402	    137.085801	    137.085801	60290	    137.074810	    137.096789	0.0	      0.000000	138	9446911	
000131	 -3.887679	 96.868660	    137.339344	    137.339344	14293	    137.328353	    137.350332	0.0	      0.000000	140	12918975	
000132	 -3.920221	106.838074	    137.401875	    137.401875	35275	    137.390884	    137.412864	0.0	      0.000000	140	12918975	
000133	 -3.221653	 11.634240	    137.504261	    137.504261	4094	    137.493270	    137.515249	0.0	      0.000000	141	6836486	
000134	 -3.978796	 13.542395	    137.526238	    137.526238	11468	    137.515246	    137.537226	0.0	      0.000000	141	6836486	
000135	 -3.983135	 48.501213	    137.550205	    137.550205	19510	    137.539213	    137.561193	0.0	      0.000000	141	6836486	
000136	 -3.989644	104.575806	    137.802741	    137.802741	38711	    137.791749	    137.813729	0.0	      0.000000	142	8085892	
000137	 -3.959271	 69.309731	    138.003739	    138.003739	40619	    137.992748	    138.014727	0.0	      0.000000	143	2608482	
000138	  0.002169	 16.317312	    140.087542	    140.087542	18931	    140.076550	    140.098530	0.0	      0.000000	154	7	
000139	 -0.275522	3073.877441	    141.812548	    141.812548	7923	    141.801557	    141.823536	0.0	      0.000000	163	552520	
000140	  0.045559	 12.779616	    143.137303	    143.137303	59221	    143.126311	    143.148291	0.0	      0.000000	169	18	
000141	  0.010847	 20.420424	    143.837267	    143.837267	31946	    143.826276	    143.848255	0.0	      0.000000	173	2122	
000142	 -0.414368	 29.602739	    143.861651	    143.861651	40128	    143.850660	    143.872639	0.0	      0.000000	173	2122	
000143	  0.427384	 63.015831	    144.353592	    144.353592	8588	    144.342601	    144.364580	0.0	      0.000000	176	26142	
000144	  0.017356	362.421143	    144.493234	    144.493234	55444	    144.482243	    144.504222	0.0	      0.000000	176	26142	
000145	  0.006508	524.083069	    144.567215	    144.567215	14732	    144.556224	    144.578203	0.0	      0.000000	177	23342	
000146	  0.002169	 27.435968	    144.889828	    144.889828	57447	    144.878837	    144.900816	0.0	      0.000000	178	18957	
000147	 -1.193205	 10.869919	    145.012340	    145.012340	33019	    145.001348	    145.023328	0.0	      0.000000	179	1180	
000148	 -0.277691	1492.924683	    145.187169	    145.187169	26146	    145.176178	    145.198157	0.0	      0.000000	180	722461	
000149	 -0.488129	 10.593235	    145.212063	    145.212063	34499	    145.201072	    145.223051	0.0	      0.000000	180	722461	
000150	  0.013017	 11.149320	    145.512074	    145.512074	4094	    145.501083	    145.523062	0.0	      0.000000	182	100421	
000151	  0.026034	541.274231	    145.624604	    145.624604	41853	    145.613613	    145.635593	0.0	      0.000000	182	100421	
000152	 -0.004339	 69.156418	    145.712196	    145.712196	5708	    145.701205	    145.723185	0.0	      0.000000	183	1808337	
000153	  0.043389	115.802650	    145.737055	    145.737055	14049	    145.726063	    145.748043	0.0	      0.000000	183	1808337	
000154	 -0.017356	 22.809015	    145.762127	    145.762127	22462	    145.751136	    145.773115	0.0	      0.000000	183	1808337	
000155	  0.080270	871.927795	    145.787665	    145.787665	31031	    145.776674	    145.798653	0.0	      0.000000	183	1808337	
000156	 -0.106304	675.547363	    145.812141	    145.812141	39244	    145.801150	    145.823130	0.0	      0.000000	183	1808337	
000157	 -0.383995	428.795898	    145.837777	    145.837777	47846	    145.826786	    145.848766	0.0	      0.000000	183	1808337	
000158	  3.462464	 42.508400	    145.975455	    145.975455	28507	    145.964464	    145.986443	0.0	      0.000000	184	6631124	
000159	 -3.983135	192.929733	    145.997953	    145.997953	36056	    145.986962	    146.008941	0.0	      0.000000	184	6631124	
000160	 -3.967949	 50.415150	    146.048748	    146.048748	53100	    146.037757	    146.059736	0.0	      0.000000	184	6631124	
000161	 -0.004339	 31.817945	    146.336770	    146.336770	18672	    146.325779	    146.347758	0.0	      0.000000	186	83	
000162	  0.026034	 16.042732	    146.550271	    146.550271	24775	    146.539279	    146.561259	0.0	      0.000000	187	511	
000163	  0.006508	 11.471123	    147.665900	    147.665900	5902	    147.654908	    147.676888	0.0	      0.000000	193	7	
000164	  0.002169	 10.485932	    147.971204	    147.971204	42809	    147.960212	    147.982192	0.0	      0.000000	194	16326	
000165	  0.347114	 79.439705	    147.986957	    147.986957	48095	    147.975966	    147.997945	0.0	      0.000000	194	16326	
000166	  0.002169	 13.461445	    148.154386	    148.154386	38739	    148.143395	    148.165375	0.0	      0.000000	195	161	
000167	  0.002169	 40.103447	    148.215445	    148.215445	59227	    148.204454	    148.226434	0.0	      0.000000	195	161	
000168	  0.017356	409.147064	    148.302489	    148.302489	22898	    148.291498	    148.313477	0.0	      0.000000	196	590725	
000169	  0.019525	 74.449593	    148.374384	    148.374384	47022	    148.363393	    148.385372	0.0	      0.000000	196	590725	
000170	 -0.023864	 26.342165	    148.438361	    148.438361	2953	    148.429560	    148.449349	0.0	      0.000000	197	1572	
000171	  0.002169	 25.703070	    148.587107	    148.587107	52864	    148.576116	    148.598095	0.0	      0.000000	197	1572	
000172	  0.002169	 17.009718	    148.602956	    148.602956	58182	    148.591965	    148.613944	0.0	      0.000000	197	1572	
000173	  0.002169	 77.739441	    149.095290	    149.095290	26774	    149.084299	    149.106279	0.0	      0.000000	200	188440	
000174	  0.817888	 15.885386	    149.160721	    149.160721	48729	    149.149730	    149.171710	0.0	      0.000000	200	188440	
000175	  3.740155	 13.488688	    149.226537	    149.226537	5277	    149.215546	    149.237525	0.0	      0.000000	201	43719	
000176	 -0.004339	 40.455418	    149.477681	    149.477681	24011	    149.466690	    149.488669	0.0	      0.000000	202	60790	
000177	  1.570692	 22.432392	    149.725836	    149.725836	41742	    149.714845	    149.736824	0.0	      0.000000	203	63498	
000178	 -0.002169	884.872925	    150.086820	    150.086820	31796	    150.075829	    150.097808	0.0	      0.000000	205	21532	
000179	  1.123782	 52.993519	    150.532168	    150.532168	50158	    150.521177	    150.543156	0.0	      0.000000	207	76089	
000180	  0.039050	 14.292010	    150.737518	    150.737518	53526	    150.726527	    150.748506	0.0	      0.000000	208	510	
000181	  0.010847	143.765793	    150.836423	    150.836423	21177	    150.825432	    150.847411	0.0	      0.000000	209	772	
000182	  0.017356	 20.600958	    151.061740	    151.061740	31245	    151.050749	    151.072728	0.0	      0.000000	210	502	
000183	 -0.008678	 10.750277	    151.573783	    151.573783	6450	    151.562792	    151.584771	0.0	      0.000000	213	677	
000184	  0.138846	 31.948408	    151.686495	    151.686495	44270	    151.675504	    151.697483	0.0	      0.000000	213	677	
000185	  0.006508	 10.360082	    153.211593	    153.211593	31720	    153.200602	    153.222581	0.0	      0.000000	221	3	
000186	  0.013017	 10.533360	    154.921180	    154.921180	15538	    154.910189	    154.932168	0.0	      0.000000	230	6	
000187	  0.008678	324.947662	    155.885604	    155.885604	11465	    155.874613	    155.896592	0.0	      0.000000	235	80223	
000188	  0.056406	 18.825041	    156.286302	    156.286302	14845	    156.275311	    156.297290	0.0	      0.000000	237	877	
000189	 -0.002169	 39.369781	    156.336367	    156.336367	31644	    156.325376	    156.347355	0.0	      0.000000	237	877	
000190	  0.297217	 70.514702	    156.461209	    156.461209	7998	    156.450218	    156.472197	0.0	      0.000000	238	168711	
000191	  0.015186	1989.999634	    156.510871	    156.510871	24662	    156.499880	    156.521859	0.0	      0.000000	238	168711	
000192	 -0.026034	338.475555	    156.536799	    156.536799	33362	    156.525808	    156.547787	0.0	      0.000000	238	168711	
000193	 -0.004339	 12.330761	    156.661298	    156.661298	9601	    156.650307	    156.672287	0.0	      0.000000	239	3204353	
000194	 -0.034711	 49.180038	    156.685939	    156.685939	17869	    156.674948	    156.696927	0.0	      0.000000	239	3204353	
000195	  0.002169	339.843079	    156.711340	    156.711340	26392	    156.700348	    156.722328	0.0	      0.000000	239	3204353	
000196	  0.002169	19597.916016	    156.736272	    156.736272	34758	    156.725281	    156.747260	0.0	      0.000000	239	3204353	
000197	 -1.108596	3512.286377	    156.811046	    156.811046	59848	    156.800055	    156.822034	0.0	      0.000000	239	3204353	
000198	 -0.314572	 16.013288	    156.886404	    156.886404	19598	    156.875413	    156.897392	0.0	      0.000000	240	636	
000199	 -0.347114	 11.553844	    156.961536	    156.961536	44808	    156.950545	    156.972524	0.0	      0.000000	240	636	
000200	 -1.128121	 13.995388	    157.006350	    157.006350	59845	    156.995359	    157.017338	0.0	      0.000000	240	636	
000201	 -0.069423	1278.583252	    157.460826	    157.460826	15734	    157.449835	    157.471814	0.0	      0.000000	243	89907	
000202	  0.008678	3484.962891	    157.945159	    157.945159	47177	    157.934168	    157.956147	0.0	      0.000000	245	9557204	
000203	  0.008678	 27.585554	    158.102080	    158.102080	34295	    158.091089	    158.113068	0.0	      0.000000	246	7265	
000204	  0.010847	 17.217209	    159.461140	    159.461140	31568	    159.450149	    159.472128	0.0	      0.000000	253	14	
000205	  0.010847	472.298767	    160.086095	    160.086095	44660	    160.075104	    160.097083	0.0	      0.000000	256	12471	
000206	  0.026034	 17.950314	    160.101696	    160.101696	49895	    160.090705	    160.112685	0.0	      0.000000	256	12471	
000207	  0.060745	 70.121620	    160.735938	    160.735938	567	    160.734248	    160.746926	0.0	      0.000000	260	13589	
000208	  0.017356	250.365021	    160.810974	    160.810974	25745	    160.799983	    160.821962	0.0	      0.000000	260	13589	
000209	 -0.060745	115.431618	    161.010691	    161.010691	27223	    160.999700	    161.021679	0.0	      0.000000	261	12934	
000210	  0.010847	42640.972656	    161.323392	    161.323392	1076	    161.320185	    161.334380	0.0	      0.000000	263	10370166	
000211	 -0.002169	 17.854038	    161.514493	    161.514493	65199	    161.503502	    161.515495	0.0	      0.000000	263	10370166	
000212	  0.010847	15800.452148	    161.527091	    161.527091	3890	    161.516100	    161.538079	0.0	      0.000000	264	12516925	
000213	  0.010847	 37.300392	    161.659321	    161.659321	48259	    161.648330	    161.670309	0.0	      0.000000	264	12516925	
000214	 -0.017356	 11.411350	    161.685818	    161.685818	57150	    161.674827	    161.696806	0.0	      0.000000	264	12516925	
000215	  0.006508	 14.980906	    161.710938	    161.710938	43	    161.710810	    161.721927	0.0	      0.000000	265	295192	
000216	  0.017356	 18.310629	    161.735683	    161.735683	8346	    161.724692	    161.746671	0.0	      0.000000	265	295192	
000217	 -0.052067	 84.678581	    161.785778	    161.785778	25155	    161.774787	    161.796766	0.0	      0.000000	265	295192	
000218	 -0.026034	1284.733887	    161.885911	    161.885911	58754	    161.874920	    161.896899	0.0	      0.000000	265	295192	
000219	 -0.015186	 72.989113	    162.035882	    162.035882	43540	    162.024891	    162.046870	0.0	      0.000000	266	9551250	
000220	 -0.444740	177.297806	    162.061074	    162.061074	51993	    162.050083	    162.072062	0.0	      0.000000	266	9551250	
000221	  0.839582	149.112015	    162.110698	    162.110698	3108	    162.101435	    162.121686	0.0	      0.000000	267	8962502	
000222	  0.010847	 36.656662	    162.585914	    162.585914	31492	    162.574923	    162.596902	0.0	      0.000000	269	83	
000223	 -0.021695	 28.115536	    165.103960	    165.103960	24440	    165.092969	    165.114948	0.0	      0.000000	282	72	
000224	 -0.002169	 14.336836	    165.710690	    165.710690	31417	    165.699699	    165.721678	0.0	      0.000000	285	3	
000225	  0.034711	 64.096458	    166.252753	    166.252753	16695	    166.241762	    166.263741	0.0	      0.000000	288	7669497	
000226	  0.006508	 18.699827	    166.271528	    166.271528	22995	    166.260537	    166.282516	0.0	      0.000000	288	7669497	
000227	  0.013017	 24.280323	    166.348365	    166.348365	48777	    166.337373	    166.359353	0.0	      0.000000	288	7669497	
000228	  0.034711	 52.312019	    166.460561	    166.460561	20888	    166.449570	    166.471549	0.0	      0.000000	289	3016	
000229	  0.008678	541.591003	    167.122888	    167.122888	46520	    167.111897	    167.133876	0.0	      0.000000	292	171208	
000230	 -0.004339	 11.539866	    167.385786	    167.385786	3662	    167.374873	    167.396774	0.0	      0.000000	294	7	
000231	  2.570814	 11.938348	    167.586189	    167.586189	5370	    167.575198	    167.597177	0.0	      0.000000	295	3677	
000232	 -0.008678	 12.517670	    167.935821	    167.935821	57151	    167.924830	    167.946809	0.0	      0.000000	296	23	
000233	  0.002169	710.170593	    167.998975	    167.998975	12806	    167.987984	    168.009963	0.0	      0.000000	297	8250007	
000234	 -0.002169	155.437195	    168.152546	    168.152546	64336	    168.141555	    168.156120	0.0	      0.000000	297	8250007	
000235	 -0.002169	179.176788	    168.347844	    168.347844	64331	    168.336853	    168.351432	0.0	      0.000000	298	581	
000236	  0.010847	 61.278389	    168.694177	    168.694177	49469	    168.683186	    168.705165	0.0	      0.000000	300	59015	
000237	  0.010847	 15.889231	    168.835464	    168.835464	31341	    168.824473	    168.846452	0.0	      0.000000	301	12	
000238	 -0.028203	2636.242188	    169.176185	    169.176185	14596	    169.165194	    169.187173	0.0	      0.000000	303	6376131	
000239	 -0.054237	 12.659916	    169.347769	    169.347769	6634	    169.336778	    169.358757	0.0	      0.000000	304	66	
000240	  0.043389	 47.885742	    169.774341	    169.774341	18696	    169.763350	    169.785329	0.0	      0.000000	306	15490632	
000241	 -0.013017	 16.199598	    169.810125	    169.810125	30703	    169.799134	    169.821113	0.0	      0.000000	306	15490632	
000242	  0.002169	23010.968750	    169.889590	    169.889590	57367	    169.878599	    169.900578	0.0	      0.000000	306	15490632	
000243	  0.002169	4906.238770	    170.085373	    170.085373	57525	    170.074382	    170.096361	0.0	      0.000000	307	2215264	
000244	 -0.015186	18735.392578	    170.347750	    170.347750	14492	    170.336759	    170.358738	0.0	      0.000000	309	974985	
000245	  0.010847	 15.686272	    170.647999	    170.647999	49703	    170.637008	    170.658987	0.0	      0.000000	310	13	
000246	  0.002169	 52.842232	    171.489057	    171.489057	4235	    171.478065	    171.500045	0.0	      0.000000	315	40338	
000247	  0.013017	14605.816406	    172.341385	    172.341385	28085	    172.330394	    172.352373	0.0	      0.000000	319	903082	
000248	  0.013017	 11.673123	    172.508743	    172.508743	18705	    172.497752	    172.519731	0.0	      0.000000	320	4	
000249	 -0.216946	 13.911582	    172.716361	    172.716361	22834	    172.705370	    172.727349	0.0	      0.000000	321	803	
000250	  0.054237	112.538887	    173.609960	    173.609960	60532	    173.598969	    173.620948	0.0	      0.000000	325	25299	
000251	  0.006508	 58.529030	    175.085017	    175.085017	31191	    175.074026	    175.096005	0.0	      0.000000	333	307	
000252	 -0.008678	 17.456261	    177.030739	    177.030739	28707	    177.019748	    177.041727	0.0	      0.000000	343	27	
000253	  0.002169	265.809692	    180.084654	    180.084654	4855	    180.073663	    180.095642	0.0	      0.000000	359	175022	
000254	 -3.933238	 46.404457	    180.097219	    180.097219	9071	    180.086228	    180.108207	0.0	      0.000000	359	175022	
000255	 -0.002169	 92.761955	    181.237143	    181.237143	63886	    181.226152	    181.242057	0.0	      0.000000	364	2926580	
000256	 -0.015186	711.346069	    184.557062	    184.557062	63754	    184.546071	    184.562370	0.0	      0.000000	381	3294897	
000257	  0.010847	315.178802	    184.849932	    184.849932	30953	    184.838941	    184.860921	0.0	      0.000000	383	4264	
000258	  0.010847	208.652618	    185.045230	    185.045230	30948	    185.034239	    185.056218	0.0	      0.000000	384	3642	
000259	  0.002169	180.003098	    185.240531	    185.240531	30944	    185.229539	    185.251519	0.0	      0.000000	385	2115	
000260	  0.017356	159.716736	    185.435822	    185.435822	30937	    185.424831	    185.446810	0.0	      0.000000	386	1254	
000261	  0.010847	233.850784	    185.631126	    185.631126	30934	    185.620135	    185.642114	0.0	      0.000000	387	3276	
000262	  0.002169	226.682495	    185.826426	    185.826426	30930	    185.815435	    185.837414	0.0	      0.000000	388	3621	
000263	 -0.002169	121.607697	    186.021724	    186.021724	30925	    186.010733	    186.032712	0.0	      0.000000	389	998	
000264	  0.006508	 43.297371	    187.584111	    187.584111	30887	    187.573120	    187.595099	0.0	      0.000000	397	86	
000265	  0.002169	8012.734863	    190.083932	    190.083932	17720	    190.072941	    190.094921	0.0	      0.000000	410	1571151	
