# -------------------------- o --------------------------
# File ID: TIC288132261.bary.0000.h5 
# -------------------------- o --------------------------
# Source:TICObj 
# MJD: 59403.560093087675	RA: 14h18m13.37s	DEC: 82d11m37.58s
# DELTAT:   0.671089	DELTAF(Hz):   2.980232	max_drift_rate:   4.000000	obs_length: 899.929866
# --------------------------
# Top_Hit_# 	Drift_Rate 	SNR 	Uncorrected_Frequency 	Corrected_Frequency 	Index 	freq_start 	freq_end 	SEFD 	SEFD_freq 	Coarse_Channel_Number 	Full_number_of_hits 	
# --------------------------
000001	  0.002169	4347.903809	    110.097587	    110.097587	45875	    110.086596	    110.108576	0.0	      0.000000	0	495567	
000002	  0.355792	 13.623768	    111.097274	    111.097274	53634	    111.086282	    111.108262	0.0	      0.000000	5	901	
000003	 -0.561891	 30.979998	    111.446140	    111.446140	39622	    111.435148	    111.457128	0.0	      0.000000	7	4483	
000004	 -0.590094	 78.866486	    111.562398	    111.562398	13096	    111.551407	    111.573387	0.0	      0.000000	8	10783	
000005	 -0.004339	 12.208611	    112.096396	    112.096396	61204	    112.085405	    112.107385	0.0	      0.000000	10	6	
000006	  0.002169	 69.387817	    112.597585	    112.597585	32767	    112.586594	    112.608573	0.0	      0.000000	13	264	
000007	 -1.078223	413.240356	    114.697415	    114.697415	16457	    114.686424	    114.708403	0.0	      0.000000	24	116774	
000008	  0.017356	 10.339567	    115.897864	    115.897864	26045	    115.886873	    115.908853	0.0	      0.000000	30	7	
000009	  0.002169	 11.816373	    116.838038	    116.838038	13835	    116.827047	    116.849026	0.0	      0.000000	35	9830	
000010	 -0.071592	 19.054119	    116.947604	    116.947604	50599	    116.936612	    116.958592	0.0	      0.000000	35	9830	
000011	 -0.147524	 14.097277	    117.897401	    117.897401	41618	    117.886409	    117.908389	0.0	      0.000000	40	177	
000012	  0.002169	55229.644531	    118.472526	    118.472526	37990	    118.461535	    118.483514	0.0	      0.000000	43	2376129	
000013	 -0.442571	2624.745605	    118.497619	    118.497619	46410	    118.486628	    118.508607	0.0	      0.000000	43	2376129	
000014	 -0.006508	2737.226562	    118.572542	    118.572542	6014	    118.561551	    118.583531	0.0	      0.000000	44	333403	
000015	 -0.060745	1853.121338	    118.622637	    118.622637	22823	    118.611646	    118.633625	0.0	      0.000000	44	333403	
000016	 -1.201883	4818.151367	    118.698213	    118.698213	48182	    118.687222	    118.709201	0.0	      0.000000	44	333403	
000017	  0.058576	 71.594238	    118.922195	    118.922195	57802	    118.911204	    118.933183	0.0	      0.000000	45	11294	
000018	  0.516332	833.724548	    118.951932	    118.951932	2244	    118.945244	    118.962920	0.0	      0.000000	46	1911750	
000019	  0.008678	887678.000000	    118.972358	    118.972358	9098	    118.961367	    118.983347	0.0	      0.000000	46	1911750	
000020	 -2.891895	 42.518890	    119.024387	    119.024387	26556	    119.013396	    119.035375	0.0	      0.000000	46	1911750	
000021	  0.403520	11867.512695	    119.147277	    119.147277	2255	    119.140557	    119.158265	0.0	      0.000000	47	140289	
000022	 -0.659517	972.978271	    119.372776	    119.372776	12384	    119.361785	    119.383765	0.0	      0.000000	48	46683	
000023	 -0.299386	3645.622559	    119.647393	    119.647393	38994	    119.636402	    119.658381	0.0	      0.000000	49	20603	
000024	 -0.078101	6137.708984	    119.898123	    119.898123	57589	    119.887132	    119.909111	0.0	      0.000000	50	130395	
000025	 -0.002169	 43.904587	    120.103959	    120.103959	61120	    120.092967	    120.114947	0.0	      0.000000	51	159	
000026	 -0.216946	17870.099609	    120.222861	    120.222861	35481	    120.211870	    120.233849	0.0	      0.000000	52	240615	
000027	 -0.440401	 12.609486	    120.322398	    120.322398	3344	    120.312432	    120.333386	0.0	      0.000000	53	124313	
000028	 -0.052067	8821.740234	    120.347524	    120.347524	11775	    120.336533	    120.358512	0.0	      0.000000	53	124313	
000029	 -0.043389	1842.120361	    120.472557	    120.472557	53729	    120.461566	    120.483545	0.0	      0.000000	53	124313	
000030	 -0.071592	1824.108154	    120.547381	    120.547381	13300	    120.536390	    120.558369	0.0	      0.000000	54	61550	
000031	 -0.010847	8962.009766	    120.747590	    120.747590	14943	    120.736599	    120.758579	0.0	      0.000000	55	125907	
000032	  0.043389	31665.677734	    121.030775	    121.030775	44428	    121.019784	    121.041763	0.0	      0.000000	56	228054	
000033	  0.138846	10687.113281	    121.472252	    121.472252	61491	    121.461261	    121.483240	0.0	      0.000000	58	203568	
000034	  0.071592	 88.638817	    121.667615	    121.667615	61508	    121.656624	    121.678603	0.0	      0.000000	59	12548	
000035	 -0.006508	965.432312	    121.772582	    121.772582	31193	    121.761591	    121.783570	0.0	      0.000000	60	89140	
000036	 -0.006508	494.902435	    121.997592	    121.997592	41158	    121.986601	    122.008580	0.0	      0.000000	61	43450	
000037	  0.208269	 19.621834	    122.397468	    122.397468	44262	    122.386477	    122.408456	0.0	      0.000000	63	2061	
000038	  0.036881	 70.272247	    122.597596	    122.597596	45878	    122.586605	    122.608584	0.0	      0.000000	64	7806	
000039	  0.004339	 63.048843	    122.963575	    122.963575	37608	    122.952584	    122.974563	0.0	      0.000000	66	2312	
000040	  0.002169	 62.471035	    122.980976	    122.980976	43447	    122.969985	    122.991965	0.0	      0.000000	66	2312	
000041	  0.002169	854.557129	    123.052207	    123.052207	1812	    123.046807	    123.063195	0.0	      0.000000	67	27420	
000042	  0.010847	7118.092773	    123.247516	    123.247516	1811	    123.242119	    123.258505	0.0	      0.000000	68	68382	
000043	  0.653009	276.062195	    123.622060	    123.622060	61951	    123.611069	    123.632741	0.0	      0.000000	69	30956	
000044	 -0.286369	81951.289062	    123.822424	    123.822424	63646	    123.811433	    123.828054	0.0	      0.000000	70	106008	
000045	  0.002169	 40.300873	    123.897556	    123.897556	23320	    123.886565	    123.908544	0.0	      0.000000	71	42423	
000046	 -0.397012	8659.402344	    124.017802	    124.017802	63668	    124.006811	    124.023366	0.0	      0.000000	71	42423	
000047	 -0.004339	 12.512990	    124.043030	    124.043030	6597	    124.032039	    124.054018	0.0	      0.000000	72	34668	
000048	  0.019525	5350.186035	    124.072403	    124.072403	16453	    124.061412	    124.083391	0.0	      0.000000	72	34668	
000049	 -0.045559	 18.954651	    124.172497	    124.172497	50039	    124.161506	    124.183485	0.0	      0.000000	72	34668	
000050	  0.650839	23993.707031	    124.221620	    124.221620	986	    124.218682	    124.232608	0.0	      0.000000	73	7387606	
000051	  1.486083	31311.937500	    124.251929	    124.251929	11156	    124.240938	    124.262917	0.0	      0.000000	73	7387606	
000052	 -3.694597	6117.506348	    124.269176	    124.269176	16943	    124.258185	    124.280164	0.0	      0.000000	73	7387606	
000053	  3.705444	1200.355225	    124.281273	    124.281273	21002	    124.270282	    124.292261	0.0	      0.000000	73	7387606	
000054	  0.026034	405244.968750	    124.297461	    124.297461	26434	    124.286470	    124.308449	0.0	      0.000000	73	7387606	
000055	  3.603479	4393.395508	    124.325845	    124.325845	35958	    124.314854	    124.336833	0.0	      0.000000	73	7387606	
000056	 -2.102210	12058.280273	    124.343461	    124.343461	41869	    124.332470	    124.354449	0.0	      0.000000	73	7387606	
000057	  3.679410	516.612061	    124.356693	    124.356693	46309	    124.345702	    124.367681	0.0	      0.000000	73	7387606	
000058	  1.299509	53600.195312	    124.371967	    124.371967	51434	    124.360976	    124.382955	0.0	      0.000000	73	7387606	
000059	 -3.818256	1789.950928	    124.389169	    124.389169	57206	    124.378178	    124.400157	0.0	      0.000000	73	7387606	
000060	  3.681580	3503.906738	    124.401194	    124.401194	61241	    124.390203	    124.412182	0.0	      0.000000	73	7387606	
000061	  0.440401	4083.752686	    124.414245	    124.414245	84	    124.413994	    124.425233	0.0	      0.000000	74	7780720	
000062	 -0.420876	 13.134256	    124.427715	    124.427715	4604	    124.416724	    124.438703	0.0	      0.000000	74	7780720	
000063	 -0.177896	13472.257812	    124.441701	    124.441701	9297	    124.430710	    124.452690	0.0	      0.000000	74	7780720	
000064	  1.138968	1597.453003	    124.470190	    124.470190	18856	    124.459198	    124.481178	0.0	      0.000000	74	7780720	
000065	 -0.056406	560087.750000	    124.497652	    124.497652	28071	    124.486661	    124.508640	0.0	      0.000000	74	7780720	
000066	 -0.010847	203.520050	    124.511642	    124.511642	32765	    124.500650	    124.522630	0.0	      0.000000	74	7780720	
000067	 -1.368932	907.068604	    124.525118	    124.525118	37287	    124.514127	    124.536106	0.0	      0.000000	74	7780720	
000068	  0.143185	 22.105814	    124.539617	    124.539617	42152	    124.528626	    124.550605	0.0	      0.000000	74	7780720	
000069	  0.685551	66559.835938	    124.553600	    124.553600	46844	    124.542609	    124.564588	0.0	      0.000000	74	7780720	
000070	 -0.794024	3813.623779	    124.581066	    124.581066	56060	    124.570075	    124.592054	0.0	      0.000000	74	7780720	
000071	  0.488129	 13.328178	    124.595568	    124.595568	60926	    124.584577	    124.606556	0.0	      0.000000	74	7780720	
000072	 -2.165125	246.993591	    124.608532	    124.608532	65276	    124.597541	    124.609304	0.0	      0.000000	74	7780720	
000073	  3.347482	1254.012329	    124.620194	    124.620194	3653	    124.609307	    124.631182	0.0	      0.000000	75	7296819	
000074	 -0.141015	136443.437500	    124.647576	    124.647576	12841	    124.636585	    124.658564	0.0	      0.000000	75	7296819	
000075	 -0.147524	136443.437500	    124.647579	    124.647579	12842	    124.636588	    124.658567	0.0	      0.000000	75	7296819	
000076	 -0.151862	136443.437500	    124.647582	    124.647582	12843	    124.636591	    124.658570	0.0	      0.000000	75	7296819	
000077	 -0.156201	136443.437500	    124.647585	    124.647585	12844	    124.636594	    124.658573	0.0	      0.000000	75	7296819	
000078	 -0.160540	136443.437500	    124.647588	    124.647588	12845	    124.636597	    124.658576	0.0	      0.000000	75	7296819	
000079	  3.900696	379.147461	    124.662409	    124.662409	17818	    124.651417	    124.673397	0.0	      0.000000	75	7296819	
000080	 -3.883340	687.679260	    124.675137	    124.675137	22089	    124.664146	    124.686125	0.0	      0.000000	75	7296819	
000081	  0.466435	35163.984375	    124.689749	    124.689749	26992	    124.678758	    124.700737	0.0	      0.000000	75	7296819	
000082	 -2.724846	1118.125122	    124.716914	    124.716914	36107	    124.705923	    124.727902	0.0	      0.000000	75	7296819	
000083	  1.585878	10240.540039	    124.731553	    124.731553	41019	    124.720562	    124.742541	0.0	      0.000000	75	7296819	
000084	 -2.006754	2399.931152	    124.759010	    124.759010	50232	    124.748019	    124.769998	0.0	      0.000000	75	7296819	
000085	 -0.284200	13416.697266	    124.772460	    124.772460	54745	    124.761468	    124.783448	0.0	      0.000000	75	7296819	
000086	 -1.173680	22776.384766	    124.801019	    124.801019	64328	    124.790028	    124.804616	0.0	      0.000000	75	7296819	
000087	  0.004339	1577.049927	    124.947536	    124.947536	47955	    124.936545	    124.958524	0.0	      0.000000	76	1398477	
000088	  0.019525	 12.641478	    125.002551	    125.002551	879	    124.999932	    125.013540	0.0	      0.000000	77	1040084	
000089	  0.091117	5879.331055	    125.072280	    125.072280	24276	    125.061289	    125.083268	0.0	      0.000000	77	1040084	
000090	 -0.036881	123181.195312	    125.147558	    125.147558	49535	    125.136566	    125.158546	0.0	      0.000000	77	1040084	
000091	  0.162710	 45.016693	    125.197798	    125.197798	857	    125.195244	    125.208786	0.0	      0.000000	78	4506	
000092	  0.002169	 12.585561	    125.439960	    125.439960	16577	    125.428969	    125.450948	0.0	      0.000000	79	13	
000093	 -0.013017	 25.588530	    125.622592	    125.622592	12322	    125.611601	    125.633580	0.0	      0.000000	80	159	
000094	  0.004339	207.949234	    125.947255	    125.947255	55725	    125.936264	    125.958243	0.0	      0.000000	81	21228	
000095	  0.062914	100070.304688	    126.147211	    126.147211	57283	    126.136220	    126.158199	0.0	      0.000000	82	448596	
000096	  0.143185	 13.627303	    126.197264	    126.197264	8542	    126.186273	    126.208252	0.0	      0.000000	83	126	
000097	 -0.004339	 14.723115	    126.668665	    126.668665	35646	    126.657674	    126.679653	0.0	      0.000000	85	187	
000098	  0.117151	 11.818619	    126.722265	    126.722265	53631	    126.711274	    126.733253	0.0	      0.000000	85	187	
000099	 -0.034711	 37.372849	    126.880914	    126.880914	41329	    126.869923	    126.891902	0.0	      0.000000	86	5559	
000100	  0.002169	 25.531794	    127.097547	    127.097547	48483	    127.086556	    127.108535	0.0	      0.000000	87	1286	
000101	 -0.002169	 18.662224	    127.297661	    127.297661	50094	    127.286670	    127.308649	0.0	      0.000000	88	13	
000102	  0.017356	170.685608	    127.622617	    127.622617	28059	    127.611626	    127.633605	0.0	      0.000000	90	14483	
000103	  0.173557	 78.510834	    127.740327	    127.740327	2020	    127.734307	    127.751315	0.0	      0.000000	91	6125756	
000104	 -0.277691	87451.273438	    127.785313	    127.785313	17115	    127.774322	    127.796302	0.0	      0.000000	91	6125756	
000105	 -0.013017	294452.718750	    127.847508	    127.847508	37984	    127.836517	    127.858496	0.0	      0.000000	91	6125756	
000106	  0.468604	14532.471680	    127.909679	    127.909679	58845	    127.898687	    127.920667	0.0	      0.000000	91	6125756	
000107	  1.390626	450.355652	    127.944368	    127.944368	4949	    127.933377	    127.955357	0.0	      0.000000	92	6180343	
000108	 -0.032542	191279.609375	    127.963767	    127.963767	11458	    127.952776	    127.974755	0.0	      0.000000	92	6180343	
000109	 -0.067253	191279.609375	    127.963770	    127.963770	11459	    127.952779	    127.974758	0.0	      0.000000	92	6180343	
000110	 -1.687843	582.235046	    127.983189	    127.983189	17975	    127.972198	    127.994177	0.0	      0.000000	92	6180343	
000111	  1.959026	344.012024	    128.002999	    128.002999	24622	    127.992007	    128.013987	0.0	      0.000000	92	6180343	
000112	  0.466435	32331.332031	    128.022406	    128.022406	31134	    128.011415	    128.033394	0.0	      0.000000	92	6180343	
000113	 -1.130291	1643.577271	    128.041819	    128.041819	37648	    128.030828	    128.052807	0.0	      0.000000	92	6180343	
000114	  2.418952	104.975349	    128.061635	    128.061635	44297	    128.050644	    128.072623	0.0	      0.000000	92	6180343	
000115	  0.874294	2493.970459	    128.081048	    128.081048	50811	    128.070057	    128.092036	0.0	      0.000000	92	6180343	
000116	 -0.611789	11430.766602	    128.100452	    128.100452	57322	    128.089461	    128.111440	0.0	      0.000000	92	6180343	
000117	 -2.230209	264.985992	    128.119871	    128.119871	63838	    128.108880	    128.124929	0.0	      0.000000	92	6180343	
000118	 -0.559722	5315.188477	    128.147847	    128.147847	7689	    128.136856	    128.158835	0.0	      0.000000	93	196499	
000119	  1.616250	 16.383545	    128.247151	    128.247151	41010	    128.236160	    128.258139	0.0	      0.000000	93	196499	
000120	 -0.885141	796.710144	    128.272781	    128.272781	49610	    128.261790	    128.283769	0.0	      0.000000	93	196499	
000121	 -0.045559	27615.919922	    128.314248	    128.314248	63524	    128.303257	    128.320241	0.0	      0.000000	93	196499	
000122	 -0.043389	2797.714844	    128.509561	    128.509561	63524	    128.498569	    128.515554	0.0	      0.000000	94	48787	
000123	 -0.279861	 11.579088	    128.722760	    128.722760	3990	    128.711769	    128.733749	0.0	      0.000000	96	293	
000124	  0.047728	43938.187500	    129.572517	    129.572517	26977	    129.561526	    129.583505	0.0	      0.000000	100	400335	
000125	  2.293123	 35.136127	    129.641262	    129.641262	50044	    129.630271	    129.652250	0.0	      0.000000	100	400335	
000126	 -0.006508	 26.189331	    129.897625	    129.897625	4993	    129.886633	    129.908613	0.0	      0.000000	102	1534	
000127	  0.004339	 23.771570	    130.097574	    130.097574	6549	    130.086583	    130.108562	0.0	      0.000000	103	267666	
000128	 -0.036881	29618.207031	    130.197394	    130.197394	40043	    130.186403	    130.208382	0.0	      0.000000	103	267666	
000129	 -0.475113	 12.030857	    130.772698	    130.772698	36475	    130.761707	    130.783686	0.0	      0.000000	106	510	
000130	  0.073762	319595.781250	    131.222371	    131.222371	56288	    131.211379	    131.233359	0.0	      0.000000	108	236760	
000131	 -0.015186	 19.279100	    131.249926	    131.249926	65534	    131.238935	    131.249929	0.0	      0.000000	108	236760	
000132	 -2.000246	6905.317871	    131.278524	    131.278524	9594	    131.267533	    131.289512	0.0	      0.000000	109	4667506	
000133	 -0.004339	154.034485	    131.347576	    131.347576	32764	    131.336585	    131.358564	0.0	      0.000000	109	4667506	
000134	  0.399181	39620.601562	    131.372467	    131.372467	41116	    131.361476	    131.383455	0.0	      0.000000	109	4667506	
000135	 -0.091117	274499.062500	    131.547404	    131.547404	34279	    131.536413	    131.558392	0.0	      0.000000	110	1821661	
000136	  0.418706	 84.377525	    131.597516	    131.597516	51094	    131.586525	    131.608504	0.0	      0.000000	110	1821661	
000137	 -0.008678	 38.884129	    131.622428	    131.622428	59453	    131.611437	    131.633416	0.0	      0.000000	110	1821661	
000138	  1.010970	745.339844	    131.679076	    131.679076	12925	    131.668085	    131.690064	0.0	      0.000000	111	9017998	
000139	  0.232133	17841.910156	    131.697399	    131.697399	19073	    131.686408	    131.708387	0.0	      0.000000	111	9017998	
000140	  2.330004	 30.072041	    131.730476	    131.730476	30172	    131.719485	    131.741464	0.0	      0.000000	111	9017998	
000141	 -1.637945	226.165680	    131.771595	    131.771595	43969	    131.760604	    131.782583	0.0	      0.000000	111	9017998	
000142	 -0.269013	263434.531250	    131.822956	    131.822956	61203	    131.811965	    131.833944	0.0	      0.000000	111	9017998	
000143	 -0.058576	 19.843452	    131.852818	    131.852818	5687	    131.841827	    131.863806	0.0	      0.000000	112	246011	
000144	 -0.273352	1502.068970	    132.018271	    132.018271	61204	    132.007280	    132.029260	0.0	      0.000000	112	246011	
000145	 -0.065084	23793.708984	    132.048130	    132.048130	5687	    132.037139	    132.059118	0.0	      0.000000	113	193769	
000146	  0.002169	 12.716482	    132.096565	    132.096565	21939	    132.085574	    132.107553	0.0	      0.000000	113	193769	
000147	 -0.546705	100.079216	    132.547632	    132.547632	42220	    132.536641	    132.558620	0.0	      0.000000	115	22064	
000148	  0.054237	478.446960	    132.964084	    132.964084	50886	    132.953093	    132.975072	0.0	      0.000000	117	21602	
000149	 -0.383995	 37.465118	    133.064127	    133.064127	18919	    133.053136	    133.075115	0.0	      0.000000	118	28128	
000150	  0.032542	3305.202148	    133.130679	    133.130679	41250	    133.119688	    133.141667	0.0	      0.000000	118	28128	
000151	  0.203930	840.644775	    133.207178	    133.207178	1383	    133.203057	    133.218167	0.0	      0.000000	119	7707481	
000152	 -2.008923	524.621765	    133.230865	    133.230865	9331	    133.219874	    133.241853	0.0	      0.000000	119	7707481	
000153	  2.236717	240.465088	    133.261088	    133.261088	19472	    133.250097	    133.272076	0.0	      0.000000	119	7707481	
000154	  1.607573	290.639893	    133.284673	    133.284673	27386	    133.273682	    133.295662	0.0	      0.000000	119	7707481	
000155	  1.266967	2892.270264	    133.308241	    133.308241	35294	    133.297250	    133.319229	0.0	      0.000000	119	7707481	
000156	  0.570569	24896.054688	    133.331833	    133.331833	43210	    133.320842	    133.342821	0.0	      0.000000	119	7707481	
000157	 -0.483790	421883.093750	    133.355442	    133.355442	51132	    133.344451	    133.366430	0.0	      0.000000	119	7707481	
000158	 -0.607450	6049.079102	    133.378998	    133.378998	59036	    133.368007	    133.389986	0.0	      0.000000	119	7707481	
000159	  0.431723	486.322968	    133.581868	    133.581868	61572	    133.570877	    133.592856	0.0	      0.000000	120	25691	
000160	  0.188743	387.054718	    134.147308	    134.147308	54694	    134.136317	    134.158296	0.0	      0.000000	123	42032	
000161	 -0.088948	61168.000000	    134.447354	    134.447354	24301	    134.436363	    134.458343	0.0	      0.000000	125	1074228	
000162	 -0.002169	 19.519957	    134.472573	    134.472573	32763	    134.461582	    134.483561	0.0	      0.000000	125	1074228	
000163	 -0.236472	4021.857910	    134.547606	    134.547606	57940	    134.536615	    134.558595	0.0	      0.000000	125	1074228	
000164	  2.946132	 32.817276	    134.646350	    134.646350	25537	    134.635359	    134.657339	0.0	      0.000000	126	6168	
000165	 -1.338559	 10.091217	    134.889251	    134.889251	41505	    134.878260	    134.900239	0.0	      0.000000	127	3	
000166	  0.032542	1370.626221	    135.022307	    135.022307	20615	    135.011316	    135.033295	0.0	      0.000000	128	142902	
000167	 -0.047728	719.455322	    135.072241	    135.072241	37370	    135.061249	    135.083229	0.0	      0.000000	128	142902	
000168	 -0.991445	 16.542744	    135.197726	    135.197726	13940	    135.186735	    135.208714	0.0	      0.000000	129	2378	
000169	 -0.002169	 11.967274	    135.270730	    135.270730	38436	    135.259739	    135.281718	0.0	      0.000000	129	2378	
000170	 -0.010847	8119.497070	    135.389275	    135.389275	12677	    135.378284	    135.400263	0.0	      0.000000	130	112789	
000171	  0.125829	 10.338465	    135.715017	    135.715017	56442	    135.704026	    135.726005	0.0	      0.000000	131	24	
000172	  0.282030	108.498795	    135.772297	    135.772297	10126	    135.761306	    135.783285	0.0	      0.000000	132	2958763	
000173	  0.223455	 76.173935	    135.897577	    135.897577	52163	    135.886586	    135.908565	0.0	      0.000000	132	2958763	
000174	 -0.002169	790922.562500	    135.922453	    135.922453	60510	    135.911462	    135.933441	0.0	      0.000000	132	2958763	
000175	 -0.078101	 29.169325	    135.947651	    135.947651	3429	    135.937432	    135.958639	0.0	      0.000000	133	2024193	
000176	 -0.561891	649520.312500	    136.081142	    136.081142	48221	    136.070150	    136.092130	0.0	      0.000000	133	2024193	
000177	 -0.013017	1604.577515	    136.117772	    136.117772	60512	    136.106780	    136.128760	0.0	      0.000000	133	2024193	
000178	  0.472943	174.349167	    136.372224	    136.372224	14820	    136.361233	    136.383212	0.0	      0.000000	135	17533	
000179	 -0.275522	1586.140259	    136.581055	    136.581055	19356	    136.570064	    136.592043	0.0	      0.000000	136	110523	
000180	 -0.613958	3602.196777	    136.647669	    136.647669	41708	    136.636678	    136.658657	0.0	      0.000000	136	110523	
000181	 -0.273352	 40.969395	    136.823231	    136.823231	35081	    136.812240	    136.834219	0.0	      0.000000	137	10161922	
000182	  3.206467	 30.170002	    137.072203	    137.072203	53086	    137.061212	    137.083191	0.0	      0.000000	138	5859301	
000183	  0.277691	 46.290527	    137.197835	    137.197835	29705	    137.186843	    137.208823	0.0	      0.000000	139	4385	
000184	  1.032665	8021.032715	    137.546960	    137.546960	15780	    137.535969	    137.557948	0.0	      0.000000	141	117655	
000185	  0.002169	 10.449019	    137.597570	    137.597570	32762	    137.586579	    137.608558	0.0	      0.000000	141	117655	
000186	 -3.965780	 76.246399	    137.838650	    137.838650	48119	    137.827659	    137.849638	0.0	      0.000000	142	7473906	
000187	  0.036881	346.740753	    138.372597	    138.372597	30674	    138.361606	    138.383586	0.0	      0.000000	145	62974	
000188	 -0.002169	 69.725769	    139.687369	    139.687369	13086	    139.676377	    139.698357	0.0	      0.000000	152	2539	
000189	 -0.002169	 84.729164	    139.705369	    139.705369	19126	    139.694378	    139.716357	0.0	      0.000000	152	2539	
000190	  1.876586	 59.975288	    140.071473	    140.071473	10898	    140.060482	    140.082461	0.0	      0.000000	154	10782	
000191	 -0.002169	 35.650837	    140.097571	    140.097571	19655	    140.086580	    140.108559	0.0	      0.000000	154	10782	
000192	 -0.004339	 15.824322	    140.722570	    140.722570	32762	    140.711579	    140.733558	0.0	      0.000000	157	3	
000193	  0.373148	 20.282249	    141.072676	    141.072676	19166	    141.061685	    141.083664	0.0	      0.000000	159	6936	
000194	  0.383995	 11.446086	    142.405922	    142.405922	7777	    142.394930	    142.416910	0.0	      0.000000	166	64	
000195	  2.247564	311.692841	    143.721193	    143.721193	55893	    143.710202	    143.732182	0.0	      0.000000	172	34745	
000196	  0.002169	 17.766348	    143.847567	    143.847567	32761	    143.836576	    143.858555	0.0	      0.000000	173	4	
000197	 -1.034834	 19.857084	    144.249046	    144.249046	36403	    144.238055	    144.260034	0.0	      0.000000	175	3068	
000198	  0.167049	3369.342529	    144.365174	    144.365174	9833	    144.354183	    144.376162	0.0	      0.000000	176	716893	
000199	  0.331928	722.926392	    144.481415	    144.481415	48837	    144.470424	    144.492403	0.0	      0.000000	176	716893	
000200	 -0.002169	3597.018066	    144.503588	    144.503588	56277	    144.492597	    144.514576	0.0	      0.000000	176	716893	
000201	 -0.002169	 14.573044	    144.577566	    144.577566	15564	    144.566575	    144.588554	0.0	      0.000000	177	57119	
000202	  0.030372	1285.220459	    144.597704	    144.597704	22321	    144.586712	    144.608692	0.0	      0.000000	177	57119	
000203	 -0.013017	 13.818368	    144.713962	    144.713962	61331	    144.702971	    144.724951	0.0	      0.000000	177	57119	
000204	  1.303848	 26.947966	    144.897089	    144.897089	57242	    144.886098	    144.908077	0.0	      0.000000	178	7311	
000205	  0.010847	 31.513802	    145.172558	    145.172558	18602	    145.161566	    145.183546	0.0	      0.000000	180	19282	
000206	 -0.047728	 11.972037	    145.435670	    145.435670	41352	    145.424679	    145.446658	0.0	      0.000000	181	42	
000207	  0.004339	 19.924868	    145.685059	    145.685059	59497	    145.674068	    145.696047	0.0	      0.000000	182	2720	
000208	  0.004339	 22.587523	    145.735076	    145.735076	10744	    145.724085	    145.746065	0.0	      0.000000	183	109485	
000209	 -0.058576	 26.627642	    145.747528	    145.747528	14922	    145.736537	    145.758516	0.0	      0.000000	183	109485	
000210	 -0.182235	 40.930588	    145.759935	    145.759935	19085	    145.748943	    145.770923	0.0	      0.000000	183	109485	
000211	  0.004339	 36.464558	    145.772255	    145.772255	23219	    145.761264	    145.783243	0.0	      0.000000	183	109485	
000212	  0.041220	188.431259	    145.810032	    145.810032	35895	    145.799041	    145.821020	0.0	      0.000000	183	109485	
000213	 -0.032542	 93.380028	    145.847294	    145.847294	48398	    145.836303	    145.858282	0.0	      0.000000	183	109485	
000214	  0.199591	 46.901825	    145.872340	    145.872340	56802	    145.861349	    145.883328	0.0	      0.000000	183	109485	
000215	 -3.922390	141.558533	    145.966369	    145.966369	22817	    145.955378	    145.977357	0.0	      0.000000	184	459873	
000216	 -0.468604	 11.118745	    146.498013	    146.498013	4599	    146.487022	    146.509001	0.0	      0.000000	187	64	
000217	  0.058576	 11.149490	    146.714455	    146.714455	11689	    146.703464	    146.725443	0.0	      0.000000	188	820	
000218	 -0.002169	 14.129970	    146.972564	    146.972564	32760	    146.961573	    146.983552	0.0	      0.000000	189	3	
000219	 -1.273475	 71.013847	    147.397846	    147.397846	44389	    147.386855	    147.408834	0.0	      0.000000	191	10407	
000220	 -0.004339	 12.656040	    147.559193	    147.559193	32992	    147.548202	    147.570181	0.0	      0.000000	192	12	
000221	  3.991813	 13.248849	    147.660068	    147.660068	1304	    147.656182	    147.671056	0.0	      0.000000	193	2033	
000222	 -0.082440	 16.605816	    147.998283	    147.998283	49254	    147.987292	    148.009271	0.0	      0.000000	194	371	
000223	 -0.004339	 10.173275	    148.313111	    148.313111	23821	    148.302120	    148.324100	0.0	      0.000000	196	1	
000224	  0.004339	115.659927	    148.597756	    148.597756	53796	    148.586765	    148.608744	0.0	      0.000000	197	130423	
000225	  0.006508	 54.448685	    148.613590	    148.613590	59109	    148.602599	    148.624578	0.0	      0.000000	197	130423	
000226	 -0.004339	185.521667	    149.106017	    149.106017	27732	    149.095026	    149.117005	0.0	      0.000000	200	1533286	
000227	 -0.002169	 18.869635	    149.266896	    149.266896	16178	    149.255905	    149.277884	0.0	      0.000000	201	7	
000228	  3.084977	 18.453232	    149.487356	    149.487356	24616	    149.476365	    149.498344	0.0	      0.000000	202	2197	
000229	  2.876709	 32.683182	    149.895689	    149.895689	30558	    149.884698	    149.906677	0.0	      0.000000	204	3410	
000230	 -0.104134	 15.006180	    149.997679	    149.997679	64780	    149.986688	    149.999929	0.0	      0.000000	204	3410	
000231	 -0.004339	 15.697115	    150.016883	    150.016883	5688	    150.005892	    150.027871	0.0	      0.000000	205	43506	
000232	 -0.004339	1346.795654	    150.097564	    150.097564	32760	    150.086573	    150.108552	0.0	      0.000000	205	43506	
000233	  3.759681	237.074142	    150.555712	    150.555712	55417	    150.544721	    150.566700	0.0	      0.000000	207	581528	
000234	  0.292878	178.464218	    150.747979	    150.747979	54395	    150.736988	    150.758967	0.0	      0.000000	208	28312	
000235	  0.368809	9834.195312	    150.997508	    150.997508	7051	    150.986517	    151.008496	0.0	      0.000000	210	92447	
000236	  0.874294	 26.363855	    151.022193	    151.022193	15334	    151.011202	    151.033181	0.0	      0.000000	210	92447	
000237	  0.145354	3125.140625	    151.297412	    151.297412	42146	    151.286421	    151.308400	0.0	      0.000000	211	75260	
000238	  0.364470	1060.890625	    151.697508	    151.697508	45324	    151.686517	    151.708496	0.0	      0.000000	213	27876	
000239	  0.004339	 43.191181	    153.067547	    153.067547	46281	    153.056556	    153.078536	0.0	      0.000000	220	2611	
000240	 -0.585755	 30.674885	    154.435322	    154.435322	46478	    154.424331	    154.446310	0.0	      0.000000	227	15242	
000241	 -0.004339	 48.147926	    154.932267	    154.932267	16617	    154.921276	    154.943255	0.0	      0.000000	230	593	
000242	 -0.004339	 12.857767	    155.094952	    155.094952	5669	    155.083961	    155.105940	0.0	      0.000000	231	125	
000243	 -0.006508	 21.894154	    155.114499	    155.114499	12228	    155.103508	    155.125487	0.0	      0.000000	231	125	
000244	  0.164879	1139.324341	    155.597398	    155.597398	43190	    155.586407	    155.608386	0.0	      0.000000	233	96493	
000245	 -0.008678	 81.591499	    155.897534	    155.897534	12827	    155.886543	    155.908522	0.0	      0.000000	235	82096	
000246	 -0.002169	325.751099	    156.100628	    156.100628	15438	    156.089637	    156.111616	0.0	      0.000000	236	5143	
000247	  0.002169	 34.073906	    156.347558	    156.347558	32758	    156.336567	    156.358546	0.0	      0.000000	237	28	
000248	 -0.060745	1113.420410	    156.452057	    156.452057	2286	    156.445244	    156.463045	0.0	      0.000000	238	4573674	
000249	 -0.141015	4821.881836	    156.472516	    156.472516	9151	    156.461525	    156.483504	0.0	      0.000000	238	4573674	
000250	 -0.891650	 13.200815	    156.497506	    156.497506	17536	    156.486515	    156.508494	0.0	      0.000000	238	4573674	
000251	 -0.047728	 14.569101	    156.522402	    156.522402	25890	    156.511411	    156.533391	0.0	      0.000000	238	4573674	
000252	  0.004339	64273.878906	    156.546966	    156.546966	34132	    156.535974	    156.557954	0.0	      0.000000	238	4573674	
000253	  0.030372	17263.570312	    156.647325	    156.647325	2271	    156.640557	    156.658313	0.0	      0.000000	239	1764030	
000254	 -0.004339	 12.684874	    156.672603	    156.672603	10753	    156.661612	    156.683591	0.0	      0.000000	239	1764030	
000255	  0.006508	3169.015137	    156.747115	    156.747115	35755	    156.736124	    156.758103	0.0	      0.000000	239	1764030	
000256	  0.002169	 10.422525	    156.761587	    156.761587	40611	    156.750596	    156.772575	0.0	      0.000000	239	1764030	
000257	 -0.069423	2516.605957	    156.897554	    156.897554	20698	    156.886563	    156.908542	0.0	      0.000000	240	4074402	
000258	 -0.145354	 14.217413	    157.022626	    157.022626	62665	    157.011634	    157.031179	0.0	      0.000000	240	4074402	
000259	 -0.008678	2355.360107	    157.956478	    157.956478	48334	    157.945487	    157.967466	0.0	      0.000000	245	9097756	
000260	 -0.002169	 12.475645	    158.618805	    158.618805	8430	    158.607814	    158.629793	0.0	      0.000000	249	18	
000261	 -0.004339	378.840668	    160.097558	    160.097558	45865	    160.086567	    160.108546	0.0	      0.000000	256	5100	
000262	 -0.056406	 15.166631	    160.113266	    160.113266	51136	    160.102275	    160.124255	0.0	      0.000000	256	5100	
000263	  0.017356	 14.505383	    160.146204	    160.146204	62188	    160.135213	    160.156179	0.0	      0.000000	256	5100	
000264	  0.019525	 71.408211	    160.747534	    160.747534	1817	    160.742119	    160.758522	0.0	      0.000000	260	2579097	
000265	  0.587925	 22.041342	    160.766557	    160.766557	8200	    160.755566	    160.777545	0.0	      0.000000	260	2579097	
000266	  0.082440	 10.974157	    160.786692	    160.786692	14956	    160.775701	    160.797680	0.0	      0.000000	260	2579097	
000267	 -0.019525	103.783279	    160.822624	    160.822624	27013	    160.811633	    160.833612	0.0	      0.000000	260	2579097	
000268	  0.021695	 20.276060	    160.847539	    160.847539	35373	    160.836548	    160.858527	0.0	      0.000000	260	2579097	
000269	  0.010847	508.136078	    160.872662	    160.872662	43803	    160.861671	    160.883651	0.0	      0.000000	260	2579097	
000270	 -0.034711	1840.517090	    160.897565	    160.897565	52159	    160.886574	    160.908553	0.0	      0.000000	260	2579097	
000271	 -0.030372	76749.718750	    160.922534	    160.922534	60537	    160.911542	    160.933522	0.0	      0.000000	260	2579097	
000272	  0.019525	 55.732475	    160.972652	    160.972652	11818	    160.961661	    160.983640	0.0	      0.000000	261	2296533	
000273	  0.002169	9798.516602	    161.022565	    161.022565	28566	    161.011574	    161.033553	0.0	      0.000000	261	2296533	
000274	  0.023864	3186.500977	    161.047620	    161.047620	36973	    161.036629	    161.058608	0.0	      0.000000	261	2296533	
000275	 -0.030372	153.333374	    161.117846	    161.117846	60537	    161.106855	    161.128834	0.0	      0.000000	261	2296533	
000276	 -0.004339	7692.676758	    161.335543	    161.335543	2512	    161.328057	    161.346531	0.0	      0.000000	263	7024133	
000277	 -0.002169	 95.005905	    161.523336	    161.523336	65525	    161.512345	    161.523366	0.0	      0.000000	263	7024133	
000278	 -0.002169	11667.531250	    161.539254	    161.539254	5330	    161.528263	    161.550242	0.0	      0.000000	264	15214073	
000279	 -0.002169	 30.219921	    161.603526	    161.603526	26896	    161.592535	    161.614514	0.0	      0.000000	264	15214073	
000280	  0.002169	133.171555	    161.671496	    161.671496	49703	    161.660505	    161.682484	0.0	      0.000000	264	15214073	
000281	 -0.002169	209.648056	    161.913961	    161.913961	65525	    161.902970	    161.913991	0.0	      0.000000	265	1267	
000282	  0.015186	 28.501606	    162.023712	    162.023712	36815	    162.012720	    162.034700	0.0	      0.000000	266	4981079	
000283	 -0.002169	 65.428375	    162.072656	    162.072656	53238	    162.061665	    162.083644	0.0	      0.000000	266	4981079	
000284	  0.097626	 40.267887	    162.122619	    162.122619	4467	    162.111628	    162.133608	0.0	      0.000000	267	3556615	
000285	  0.214777	 28.994038	    162.264234	    162.264234	51985	    162.253243	    162.275222	0.0	      0.000000	267	3556615	
000286	  0.008678	 16.359236	    162.348003	    162.348003	14557	    162.337011	    162.358991	0.0	      0.000000	268	510	
000287	  0.002169	141.122238	    162.597555	    162.597555	32757	    162.586564	    162.608543	0.0	      0.000000	269	853	
000288	  1.718215	 15.559324	    163.321531	    163.321531	13539	    163.310540	    163.332519	0.0	      0.000000	273	2214	
000289	 -0.006508	 11.220384	    165.115586	    165.115586	25700	    165.104595	    165.126574	0.0	      0.000000	282	3	
000290	  0.002169	 11.466848	    165.722552	    165.722552	32756	    165.711561	    165.733540	0.0	      0.000000	285	4	
000291	 -0.017356	 19.672737	    166.264615	    166.264615	18034	    166.253624	    166.275603	0.0	      0.000000	288	293853	
000292	  0.017356	163.779602	    166.360271	    166.360271	50131	    166.349280	    166.371259	0.0	      0.000000	288	293853	
000293	  0.002169	 75.580292	    166.764218	    166.764218	54601	    166.753227	    166.775206	0.0	      0.000000	290	205	
000294	  0.002169	 78.820259	    167.134843	    167.134843	47890	    167.123852	    167.145831	0.0	      0.000000	292	22916	
000295	 -0.008678	 15.563239	    167.835009	    167.835009	20683	    167.824018	    167.845998	0.0	      0.000000	296	10	
000296	 -0.002169	158.452133	    168.010202	    168.010202	13932	    167.999211	    168.021190	0.0	      0.000000	297	638308	
000297	 -0.015186	 38.372555	    168.706227	    168.706227	50871	    168.695236	    168.717215	0.0	      0.000000	300	16182	
000298	 -0.004339	 46.971558	    168.847552	    168.847552	32756	    168.836561	    168.858540	0.0	      0.000000	301	56	
000299	 -0.030372	1387.383423	    169.181115	    169.181115	13609	    169.170124	    169.192103	0.0	      0.000000	303	5480805	
000300	  0.004339	 47.524639	    169.785911	    169.785911	19937	    169.774920	    169.796899	0.0	      0.000000	306	15731171	
000301	  0.004339	 38.670460	    169.812310	    169.812310	28795	    169.801319	    169.823298	0.0	      0.000000	306	15731171	
000302	 -0.002169	22382.521484	    169.901750	    169.901750	58806	    169.890759	    169.912738	0.0	      0.000000	306	15731171	
000303	  0.002169	8091.953125	    170.097548	    170.097548	58969	    170.086557	    170.108536	0.0	      0.000000	307	2231889	
000304	  0.002169	 33.538731	    170.660219	    170.660219	51162	    170.649228	    170.671207	0.0	      0.000000	310	750	
000305	 -0.462096	 14.365340	    172.328854	    172.328854	21239	    172.317863	    172.339842	0.0	      0.000000	319	668	
000306	 -1.900450	 36.157833	    172.698579	    172.698579	14226	    172.687587	    172.709567	0.0	      0.000000	321	7115	
000307	 -0.013017	 25.826719	    172.728739	    172.728739	24346	    172.717747	    172.739727	0.0	      0.000000	321	7115	
000308	 -0.269013	 42.645226	    173.166085	    173.166085	40023	    173.155094	    173.177073	0.0	      0.000000	323	5481	
000309	  0.086779	 33.232582	    173.297772	    173.297772	18674	    173.286781	    173.308760	0.0	      0.000000	324	5095	
000310	 -0.581416	 88.679863	    173.747647	    173.747647	38555	    173.736656	    173.758635	0.0	      0.000000	326	14861	
000311	 -0.002169	116.290619	    175.097546	    175.097546	32754	    175.086555	    175.108534	0.0	      0.000000	333	325	
000312	 -0.006508	 21.058657	    177.043397	    177.043397	30313	    177.032405	    177.054385	0.0	      0.000000	343	12	
000313	  1.193205	 23.690332	    177.347213	    177.347213	1185	    177.343682	    177.358201	0.0	      0.000000	345	703	
000314	  0.785346	 11.903395	    179.531211	    179.531211	13117	    179.520220	    179.542199	0.0	      0.000000	356	2151	
000315	 -0.002169	517.186157	    180.097545	    180.097545	6539	    180.086553	    180.108533	0.0	      0.000000	359	23893	
000316	 -0.058576	 14.289063	    180.115217	    180.115217	12469	    180.104226	    180.126205	0.0	      0.000000	359	23893	
000317	 -0.002169	 26.270496	    181.249929	    181.249929	65535	    181.238938	    181.249929	0.0	      0.000000	364	301	
000318	 -0.214777	 10.744996	    183.147228	    183.147228	46803	    183.136237	    183.158216	0.0	      0.000000	374	227	
000319	  0.290708	 18.721294	    183.347306	    183.347306	48402	    183.336315	    183.358294	0.0	      0.000000	375	768	
000320	  0.047728	 32.853809	    183.463589	    183.463589	21884	    183.452598	    183.474577	0.0	      0.000000	376	4342	
000321	 -0.520671	 41.666557	    183.696157	    183.696157	34385	    183.685166	    183.707145	0.0	      0.000000	377	6412	
000322	 -0.002169	626.515808	    184.570223	    184.570223	65529	    184.559232	    184.570241	0.0	      0.000000	381	6727	
000323	 -0.926361	 19.515553	    186.965025	    186.965025	17123	    186.954034	    186.976013	0.0	      0.000000	394	5149	
000324	 -0.004339	 30.017015	    187.597540	    187.597540	32752	    187.586549	    187.608528	0.0	      0.000000	397	19	
000325	 -2.290954	 95.963890	    187.749002	    187.749002	18038	    187.738011	    187.759990	0.0	      0.000000	398	17052	
000326	 -0.013017	 14.216835	    188.102508	    188.102508	5583	    188.091517	    188.113496	0.0	      0.000000	400	9	
000327	 -0.746296	 53.131306	    188.473082	    188.473082	64391	    188.462091	    188.476491	0.0	      0.000000	401	3251	
000328	 -0.002169	21844.726562	    190.097538	    190.097538	19644	    190.086547	    190.108526	0.0	      0.000000	410	2228439	
