# -------------------------- o --------------------------
# File ID: TIC249862365.bary.0000.h5 
# -------------------------- o --------------------------
# Source:TIC    
# MJD: 59410.307533618623	RA: 23h19m11.12s	DEC: 75d01m04.31s
# DELTAT:   0.671089	DELTAF(Hz):   2.980232
# --------------------------
# Top_Hit_# 	Drift_Rate 	SNR 	Uncorrected_Frequency 	Corrected_Frequency 	Index 	freq_start 	freq_end 	SEFD 	SEFD_freq 	Coarse_Channel_Number 	Full_number_of_hits 	
# --------------------------
   1      0.000000    307.585479    110.093542    110.093542      45873    110.085349    110.101729 0.0      0.000000      0       1787
   2      1.291535     88.760770    129.642128    129.642128      51690    129.633935    129.650315 0.0      0.000000    100       6188
   3     -0.125842     16.458161    129.663109    129.663109      58730    129.654916    129.671296 0.0      0.000000    100       6188
   4     -0.003312     74.185937    130.092799    130.092799       6302    130.084606    130.100986 0.0      0.000000    103        432
   5     -0.016558    123.585575    130.743989    130.743989      28197    130.735796    130.752175 0.0      0.000000    106       3130
   6      0.000000    282.325136    131.042775    131.042775      62917    131.034582    131.050577 0.0      0.000000    107       2793
   7      0.000000   2529.584849    131.242754    131.242754      64483    131.234562    131.245889 0.0      0.000000    108      70863
   8      0.000000   1017.339813    131.438061    131.438061      64481    131.429868    131.441202 0.0      0.000000    109      40089
   9      0.000000     22.904705    112.293412    112.293412      63131    112.285220    112.300577 0.0      0.000000     11         19
  10     -0.086102  23653.203957    131.543013    131.543013      34161    131.534820    131.551199 0.0      0.000000    110     498308
  11     -0.622586     45.317518    131.636488    131.636488      65526    131.628295    131.636514 0.0      0.000000    110     498308
  12      0.413953     97.595971    131.640642    131.640642       1384    131.636517    131.648829 0.0      0.000000    111    3551864
  13      3.867981   1520.170630    131.673669    131.673669      12466    131.665476    131.681856 0.0      0.000000    111    3551864
  14     -1.271665    594.943257    131.711432    131.711432      25137    131.703239    131.719618 0.0      0.000000    111    3551864
  15      3.285134    190.557400    131.727450    131.727450      30512    131.719258    131.735637 0.0      0.000000    111    3551864
  16     -3.745450   1141.226333    131.766244    131.766244      43529    131.758051    131.774431 0.0      0.000000    111    3551864
  17     -1.271665   8354.973084    131.818350    131.818350      61013    131.810158    131.826537 0.0      0.000000    111    3551864
  18     -2.112818    134.145346    131.873941    131.873941      14130    131.865748    131.882127 0.0      0.000000    112    5986538
  19     -0.606028  95562.122890    131.917732    131.917732      28824    131.909539    131.925919 0.0      0.000000    112    5986538
  20      1.265042    586.322804    131.961500    131.961500      43510    131.953307    131.969687 0.0      0.000000    112    5986538
  21     -1.169004   4297.890013    132.013597    132.013597      60991    132.005405    132.021784 0.0      0.000000    112    5986538
  22     -0.019870   7677.864223    132.242709    132.242709       6796    132.234516    132.250895 0.0      0.000000    114      97842
  23      0.016558     53.303732    132.622360    132.622360       3114    132.614168    132.630547 0.0      0.000000    116     390473
  24     -0.019870  74992.038487    132.667326    132.667326      18202    132.659133    132.675513 0.0      0.000000    116     390473
  25      0.486809   2809.851399    132.817536    132.817536       3068    132.809343    132.825722 0.0      0.000000    117    1515152
  26     -0.043051  286447.272904    132.951092    132.951092      47882    132.942899    132.959279 0.0      0.000000    117    1515152
  27      0.490121   2230.055096    133.042299    133.042299      12950    133.034106    133.050486 0.0      0.000000    118      12582
  28     -0.360967   1384.539544    133.217701    133.217701       6269    133.209508    133.225887 0.0      0.000000    119      48138
  29      0.000000     12.053761    133.428629    133.428629      11509    133.420437    133.436816 0.0      0.000000    120          6
  30      0.026493     93.608967    133.597570    133.597570       2660    133.589642    133.605757 0.0      0.000000    121      15620
  31      0.026493   2997.534896    133.792873    133.792873       2657    133.784955    133.801060 0.0      0.000000    122     219292
  32      0.625898  511432.879660    134.350883    134.350883      58822    134.342690    134.359070 0.0      0.000000    124    1347390
  33      0.000000     24.381604    134.467634    134.467634      32461    134.459441    134.475820 0.0      0.000000    125      65763
  34      0.198698   8132.981319    134.483724    134.483724      37860    134.475531    134.491911 0.0      0.000000    125      65763
  35     -0.609339    204.734048    134.550794    134.550794      60365    134.542601    134.558981 0.0      0.000000    125      65763
  36      0.000000     22.887670    135.096811    135.096811      46970    135.088619    135.104998 0.0      0.000000    128         39
  37      3.834864  13217.832376    135.156136    135.156136       1340    135.152142    135.164323 0.0      0.000000    129    4581654
  38     -3.377860    555.872070    135.168310    135.168310       5425    135.160118    135.176497 0.0      0.000000    129    4581654
  39     -3.016892     41.748375    135.177188    135.177188       8404    135.168996    135.185375 0.0      0.000000    129    4581654
  40      3.576557   1056.505786    135.191699    135.191699      13273    135.183506    135.199886 0.0      0.000000    129    4581654
  41     -3.619609  52840.268781    135.203858    135.203858      17353    135.195666    135.212045 0.0      0.000000    129    4581654
  42     -3.732204     60.330681    135.212936    135.212936      20399    135.204744    135.221123 0.0      0.000000    129    4581654
  43      1.943925  24741.579626    135.236888    135.236888      28436    135.228696    135.245075 0.0      0.000000    129    4581654
  44     -0.043051    452.148803    135.248872    135.248872      32457    135.240679    135.257059 0.0      0.000000    129    4581654
  45      3.801748   2628.473275    135.271528    135.271528      40059    135.263335    135.279714 0.0      0.000000    129    4581654
  46     -3.146046   2040.454403    135.283583    135.283583      44104    135.275390    135.291769 0.0      0.000000    129    4581654
  47     -3.341432     82.818068    135.292702    135.292702      47164    135.284509    135.300889 0.0      0.000000    129    4581654
  48      3.748762    315.868121    135.306998    135.306998      51961    135.298806    135.315185 0.0      0.000000    129    4581654
  49      1.019981  321543.177855    135.317217    135.317217      55390    135.309025    135.325404 0.0      0.000000    129    4581654
  50     -3.821618     91.640512    135.328355    135.328355      59127    135.320162    135.336541 0.0      0.000000    129    4581654
  51     -0.016558  107583.576190    135.342409    135.342409      63843    135.334217    135.347452 0.0      0.000000    129    4581654
  52      0.000000     66.055928    112.593450    112.593450      32735    112.585258    112.601637 0.0      0.000000     13        126
  53      0.139088    270.024891    135.350691    135.350691       1086    135.347455    135.358878 0.0      0.000000    130     101380
  54     -0.006623  69912.039598    135.537713    135.537713      63840    135.529520    135.542764 0.0      0.000000    130     101380
  55      0.195386    677.635509    135.617509    135.617509      25079    135.609316    135.625695 0.0      0.000000    131     392796
  56      0.016558  32020.338962    135.667809    135.667809      41957    135.659616    135.675996 0.0      0.000000    131     392796
  57      0.695442  238548.867765    135.692479    135.692479      50235    135.684287    135.700666 0.0      0.000000    131     392796
  58     -0.149023     10.101277    135.747444    135.747444       3142    135.739251    135.755631 0.0      0.000000    132          7
  59     -0.076167    598.353508    135.942732    135.942732       3134    135.934540    135.950919 0.0      0.000000    133      13968
  60      0.026493     16.644248    136.353829    136.353829      10003    136.345636    136.362015 0.0      0.000000    135         85
  61      2.589692     26.756297    136.641293    136.641293      40924    136.633100    136.649480 0.0      0.000000    136       7296
  62     -0.778232     64.261479    136.866312    136.866312      50892    136.858120    136.874499 0.0      0.000000    137    7211203
  63     -0.698753     76.976956    137.068286    137.068286      53127    137.060093    137.076472 0.0      0.000000    138    8051882
  64     -3.073190    123.976326    137.442025    137.442025      47461    137.433832    137.450211 0.0      0.000000    140     380134
  65     -0.013247     72.475512    137.592520    137.592520      32423    137.584328    137.600707 0.0      0.000000    141        170
  66     -3.834864     54.853209    137.711482    137.711482       6804    137.703290    137.719669 0.0      0.000000    142    3783918
  67      3.927590     13.073709    138.062429    138.062429      59026    138.054236    138.070615 0.0      0.000000    143       4541
  68      0.000000    212.051245    140.092423    140.092423      19283    140.084230    140.100609 0.0      0.000000    154       1129
  69      0.000000     10.105507    140.717398    140.717398      32382    140.709206    140.725585 0.0      0.000000    157          2
  70      1.016670     26.441183    141.742381    141.742381      48629    141.734188    141.750567 0.0      0.000000    162       2453
  71      0.000000   1178.867837    113.393768    113.393768      39133    113.385575    113.401955 0.0      0.000000     17      81770
  72      0.000000     21.168351    143.842282    143.842282      32343    143.834089    143.850469 0.0      0.000000    173         12
  73      0.000000     57.029665    144.090160    144.090160      49981    144.081967    144.098347 0.0      0.000000    174        112
  74      0.000000     21.932878    144.891929    144.891929      56866    144.883736    144.900116 0.0      0.000000    178       4978
  75      0.000000     32.144706    145.841887    145.841887      47939    145.833694    145.850073 0.0      0.000000    183       2262
  76     -2.940725     29.595671    146.066337    146.066337      57716    146.058144    146.074524 0.0      0.000000    184      93397
  77      0.000000     60.883296    146.967166    146.967166      32304    146.958973    146.975353 0.0      0.000000    189         64
  78      0.000000     53.929630    148.585328    148.585328      50981    148.577135    148.593514 0.0      0.000000    197        235
  79      0.000000   7449.588892    150.092050    150.092050      32265    150.083857    150.100236 0.0      0.000000    205     741588
  80      0.000000     10.184394    150.287353    150.287353      32262    150.279161    150.295540 0.0      0.000000    206          2
  81      0.980242     25.066052    150.692045    150.692045      36982    150.683852    150.700232 0.0      0.000000    208       2240
  82      0.000000    242.417679    153.111993    153.111993      62550    153.103801    153.120180 0.0      0.000000    220      34856
  83      0.000000     30.016466    153.121593    153.121593        235    153.120892    153.129779 0.0      0.000000    221      64222
  84      0.000000     21.481982    153.216933    153.216933      32226    153.208741    153.225120 0.0      0.000000    221      64222
  85      0.056298    188.368854    153.266936    153.266936      49004    153.258743    153.275122 0.0      0.000000    221      64222
  86     -0.006623     10.213282    153.307300    153.307300      62548    153.299107    153.315487 0.0      0.000000    221      64222
  87     -0.006623   3975.676806    153.391804    153.391804      25367    153.383612    153.399991 0.0      0.000000    222     260019
  88      0.000000     98.155241    153.442129    153.442129      42253    153.433936    153.450315 0.0      0.000000    222     260019
  89     -0.006623     66.394365    156.341817    156.341817      32187    156.333625    156.350004 0.0      0.000000    237        106
  90      0.172205     17.468240    156.766640    156.766640      43662    156.758448    156.774827 0.0      0.000000    239        235
  91      0.000000     52.003937    114.693873    114.693873      16624    114.685681    114.702060 0.0      0.000000     24        299
  92     -0.712000    198.170529    158.783688    158.783688      65111    158.775496    158.784952 0.0      0.000000    249      63068
  93      0.000000     72.344535    114.993548    114.993548      51642    114.985355    115.001734 0.0      0.000000     25       5831
  94     -0.033116  12426.255116    158.854278    158.854278      23261    158.846085    158.862465 0.0      0.000000    250    7200339
  95      1.698865     11.134107    158.871903    158.871903      29175    158.863711    158.880090 0.0      0.000000    250    7200339
  96     -0.003312     28.211910    158.880784    158.880784      32155    158.872592    158.888971 0.0      0.000000    250    7200339
  97     -0.003312     46.993227    158.942854    158.942854      52982    158.934661    158.951040 0.0      0.000000    250    7200339
  98      0.003312    261.916365    158.956217    158.956217      57466    158.948024    158.964404 0.0      0.000000    250    7200339
  99      0.000000    257.837647    158.965235    158.965235      60492    158.957042    158.973422 0.0      0.000000    250    7200339
 100      0.000000     13.687043    159.466698    159.466698      32147    159.458505    159.474885 0.0      0.000000    253          4
 101     -0.006623   1389.872593    160.091676    160.091676      45247    160.083484    160.099863 0.0      0.000000    256      66575
 102     -0.003312     11.902577    162.100204    162.100204      63837    162.092011    162.105264 0.0      0.000000    266          4
 103      0.000000    125.849616    162.591582    162.591582      32108    162.583389    162.599768 0.0      0.000000    269        260
 104      0.000000     21.240543    163.081279    163.081279      65351    163.073086    163.081827 0.0      0.000000    271         59
 105      0.000000     71.487951    163.084554    163.084554        914    163.081830    163.092741 0.0      0.000000    272       5418
 106     -0.006623     47.668900    163.276585    163.276585      65349    163.268392    163.277139 0.0      0.000000    272       5418
 107      0.000000    392.098366    163.279857    163.279857        911    163.277142    163.288044 0.0      0.000000    273    1424500
 108     -0.238437     16.172385    163.941278    163.941278      26239    163.933086    163.949465 0.0      0.000000    276        319
 109     -0.052986   5235.023306    164.677202    164.677202      11030    164.669009    164.685389 0.0      0.000000    280    7040892
 110     -0.006623     27.037697    165.191575    165.191575      52553    165.183382    165.199762 0.0      0.000000    282        411
 111      0.016558     45.553855    165.246823    165.246823       5555    165.238630    165.255009 0.0      0.000000    283    5334510
 112      0.006623  823165.629758    165.416431    165.416431      62466    165.408238    165.424617 0.0      0.000000    283    5334510
 113      0.016558     18.352688    165.442126    165.442126       5552    165.433934    165.450313 0.0      0.000000    284    3073885
 114      0.006623  50326.606861    165.611734    165.611734      62463    165.603542    165.619921 0.0      0.000000    284    3073885
 115     -0.019870    159.062580    165.628966    165.628966       2709    165.620892    165.637153 0.0      0.000000    285    6311659
 116     -0.062921    158.652682    165.638577    165.638577       5934    165.630384    165.646764 0.0      0.000000    285    6311659
 117      0.129153   5771.603193    165.678894    165.678894      19462    165.670701    165.687080 0.0      0.000000    285    6311659
 118      0.000000     21.317086    165.716465    165.716465      32069    165.708273    165.724652 0.0      0.000000    285    6311659
 119      0.000000     39.016424    165.877514    165.877514      20572    165.869322    165.885701 0.0      0.000000    286       1154
 120     -0.003312     20.677214    165.904727    165.904727      29703    165.896534    165.912913 0.0      0.000000    286       1154
 121      3.457339   1145.859694    166.100242    166.100242      29771    166.092049    166.108429 0.0      0.000000    287    1391378
 122      0.870958     24.574508    166.565936    166.565936      54960    166.557743    166.574123 0.0      0.000000    289       4942
 123      0.000000     49.322773    166.716313    166.716313      39882    166.708120    166.724499 0.0      0.000000    290       7922
 124     -0.003312     15.243978    167.891791    167.891791      41091    167.883598    167.899977 0.0      0.000000    296        326
 125     -0.013247     67.163710    115.893751    115.893751      26020    115.885558    115.901937 0.0      0.000000     30       5492
 126      0.000000     22.832971    168.841349    168.841349      32030    168.833157    168.849536 0.0      0.000000    301          8
 127      1.019981     13.638159    169.990965    169.990965      24561    169.982772    169.999152 0.0      0.000000    307       9066
 128      0.000000    347.922939    170.091300    170.091300      58228    170.083108    170.099487 0.0      0.000000    307       9066
 129     -0.003312     81.095836    171.966233    171.966233      31991    171.958040    171.974420 0.0      0.000000    317        196
 130      0.000000     12.973037    173.442151    173.442151       2939    173.433959    173.450338 0.0      0.000000    325          2
 131      0.006623     16.013453    175.066345    175.066345      23640    175.058152    175.074532 0.0      0.000000    333      24086
 132      0.000000    166.670568    175.091114    175.091114      31951    175.082921    175.099301 0.0      0.000000    333      24086
 133      0.006623     20.812973    175.104340    175.104340      36389    175.096147    175.112527 0.0      0.000000    333      24086
 134     -0.016558     28.423137    175.286844    175.286844      32091    175.278651    175.295030 0.0      0.000000    334         53
 135      0.000000     37.328895    175.669327    175.669327      29359    175.661134    175.677513 0.0      0.000000    336       3229
 136      0.000000    193.138209    175.688329    175.688329      35735    175.680136    175.696515 0.0      0.000000    336       3229
 137     -0.003312     40.050799    175.707328    175.707328      42110    175.699135    175.715514 0.0      0.000000    336       3229
 138      0.000000     10.205967    178.325095    178.325095       2983    178.316902    178.333282 0.0      0.000000    350          2
 139     -0.043051     35.003553    179.928463    179.928463      16696    179.920270    179.936650 0.0      0.000000    358        656
 140     -0.019870     13.111034    179.961242    179.961242      27695    179.953050    179.969429 0.0      0.000000    358        656
 141     -0.003312    795.592838    180.090930    180.090930       5675    180.082738    180.099117 0.0      0.000000    359    1560625
 142     -0.039740     12.498162    180.117252    180.117252      14507    180.109059    180.125438 0.0      0.000000    359    1560625
 143     -0.089414     15.633508    180.728587    180.728587      23029    180.720394    180.736773 0.0      0.000000    362        160
 144      0.003312     14.073426    181.178453    181.178453      42907    181.170260    181.186639 0.0      0.000000    364         64
 145      0.000000     47.833957    181.340881    181.340881      31873    181.332689    181.349068 0.0      0.000000    365         52
 146      0.036428     10.807302    181.478488    181.478488      12510    181.470295    181.486674 0.0      0.000000    366         49
 147      0.132465     13.286313    181.778126    181.778126      47516    181.769933    181.786313 0.0      0.000000    367         64
 148      0.000000     97.158180    182.078525    182.078525      17241    182.070332    182.086711 0.0      0.000000    369        293
 149     -1.715423     10.243589    117.294171    117.294171      37171    117.285978    117.302357 0.0      0.000000     37         10
 150     -0.003312     15.263975    182.490828    182.490828      24515    182.482635    182.499015 0.0      0.000000    371          8
 151     -0.009935     84.043877    117.493739    117.493739      38599    117.485546    117.501926 0.0      0.000000     38       2587
 152     -0.006623     12.249061    184.690278    184.690278      41632    184.682085    184.698465 0.0      0.000000    382      24376
 153      0.079479     11.031301    184.890848    184.890848      43396    184.882655    184.899034 0.0      0.000000    383        120
 154      0.000000     15.309899    185.707243    185.707243      55189    185.699051    185.715430 0.0      0.000000    387          6
 155     -0.069544     17.232256    117.618378    117.618378      14885    117.610186    117.626565 0.0      0.000000     39        352
 156     -0.003312    310.337311    187.590649    187.590649      31795    187.582456    187.598836 0.0      0.000000    397       1594
 157     -0.003312     25.474803    189.101731    189.101731      14542    189.093538    189.109918 0.0      0.000000    405         20
 158      0.000000    513.146312    190.090554    190.090554      18656    190.082361    190.098741 0.0      0.000000    410       7342
 159     -0.089414     67.578138    118.692996    118.692996      47787    118.684804    118.701183 0.0      0.000000     44      11016
 160      0.079479   8103.447780    118.793096    118.793096      15839    118.784904    118.801283 0.0      0.000000     45      88619
 161      0.003312    688.161660    118.868276    118.868276      41065    118.860083    118.876462 0.0      0.000000     45      88619
 162      0.000000     29.157478    118.968158    118.968158       9044    118.959965    118.976345 0.0      0.000000     46         22
 163     -0.006623    199.155964    119.168206    119.168206      10633    119.160014    119.176393 0.0      0.000000     47       7934
 164      0.000000     16.494720    119.393080    119.393080      20552    119.384887    119.401266 0.0      0.000000     48         29
 165      0.000000     16.380984    111.037888    111.037888      35063    111.029696    111.046075 0.0      0.000000      5       3120
 166     -1.980353     43.974563    111.048873    111.048873      38749    111.040681    111.057060 0.0      0.000000      5       3120
 167     -0.741804     13.286858    119.993364    119.993364      25366    119.985171    120.001551 0.0      0.000000     51       2233
 168      0.000000    150.224771    120.093169    120.093169      58855    120.084976    120.101356 0.0      0.000000     51       2233
 169      0.000000    166.905094    120.818233    120.818233      40002    120.810040    120.826419 0.0      0.000000     55       1454
 170     -0.003312     17.800401    120.843130    120.843130      48356    120.834937    120.851316 0.0      0.000000     55       1454
 171      0.000000     97.794182    121.018039    121.018039      41510    121.009847    121.026226 0.0      0.000000     56        632
 172     -0.231814  16016.816246    121.193036    121.193036      34693    121.184843    121.201222 0.0      0.000000     57     182999
 173     -0.039740   3551.181288    121.297758    121.297758       4296    121.289565    121.305945 0.0      0.000000     58      87922
 174     -0.096037  717928.515203    121.493073    121.493073       4297    121.484881    121.501260 0.0      0.000000     59    2874792
 175     -0.274865    586.721035    121.592986    121.592986      37822    121.584793    121.601172 0.0      0.000000     59    2874792
 176     -1.331274    291.079093    111.294454    111.294454      55616    111.286261    111.302640 0.0      0.000000      6      18857
 177     -1.731981     14.431544    121.893760    121.893760       7673    121.885567    121.901946 0.0      0.000000     61       1750
 178     -0.208633     10.509586    122.918101    122.918101      23705    122.909909    122.926288 0.0      0.000000     66        193
 179     -0.049674   4843.809878    123.068177    123.068177       8526    123.059984    123.076364 0.0      0.000000     67      53699
 180      0.046363     95.327015    123.417758    123.417758      60290    123.409565    123.425945 0.0      0.000000     68      11492
 181     -0.039740  21438.659305    123.868089    123.868089      14788    123.859896    123.876276 0.0      0.000000     71     175474
 182      0.000000     88.138438    124.617990    124.617990       4269    124.609797    124.626177 0.0      0.000000     75    1821260
 183     -0.503367  740588.286063    124.792989    124.792989      62989    124.784797    124.800577 0.0      0.000000     75    1821260
 184     -0.516614  45440.275654    124.988299    124.988299      62988    124.980106    124.995889 0.0      0.000000     76     282190
 185      0.006623    468.777299    125.103494    125.103494      36105    125.095301    125.111680 0.0      0.000000     77      60480
 186      0.000000    109.704349    125.567999    125.567999      60895    125.559806    125.576185 0.0      0.000000     79       4484
 187     -0.112595     22.166420    126.867550    126.867550      38200    126.859357    126.875736 0.0      0.000000     86        939
 188      0.000000     69.411473    127.092891    127.092891      48276    127.084698    127.101078 0.0      0.000000     87        318
 189      0.000000   5556.433237    127.217915    127.217915      24691    127.209722    127.226102 0.0      0.000000     88     191595
 190     -0.006623   2769.820937    127.592891    127.592891      19440    127.584698    127.601077 0.0      0.000000     90     173750
 191     -0.016558   1849.020014    127.743258    127.743258       4359    127.735066    127.751445 0.0      0.000000     91     115657
 192      0.039740    193.139880    128.142797    128.142797       7350    128.134604    128.150984 0.0      0.000000     93      20806
 193      0.251684     17.255994    129.097610    129.097610         52    129.097455    129.105797 0.0      0.000000     98    3340650
 194      0.000000  40389.143314    129.192870    129.192870      32016    129.184677    129.201057 0.0      0.000000     98    3340650
 195     -0.211944  804682.542847    129.267525    129.267525      57066    129.259332    129.275712 0.0      0.000000     98    3340650
 196      0.225191     32.537696    129.292931    129.292931         55    129.292767    129.301118 0.0      0.000000     99     431833
 197     -0.129153  103468.723737    129.467802    129.467802      58732    129.459610    129.475989 0.0      0.000000     99     431833
