# -------------------------- o --------------------------
# File ID: TIC27677846.bary.0000.h5 
# -------------------------- o --------------------------
# Source:TICObj 
# MJD: 59410.382336092916	RA: 4h25m28.83s	DEC: 46d21m57.25s
# DELTAT:   0.671089	DELTAF(Hz):   2.980232	max_drift_rate:   4.000000	obs_length: 899.929866
# --------------------------
# Top_Hit_# 	Drift_Rate 	SNR 	Uncorrected_Frequency 	Corrected_Frequency 	Index 	freq_start 	freq_end 	SEFD 	SEFD_freq 	Coarse_Channel_Number 	Full_number_of_hits 	
# --------------------------
000001	  0.002169	2138.115967	    110.090858	    110.090858	45872	    110.079867	    110.101846	0.0	      0.000000	0	263895	
000002	  0.002169	 40.768044	    110.385678	    110.385678	13725	    110.374686	    110.396666	0.0	      0.000000	2	62	
000003	 -0.477282	 17.533390	    111.635596	    111.635596	39912	    111.624605	    111.646584	0.0	      0.000000	8	219	
000004	  0.002169	 15.557477	    112.191561	    112.191561	29855	    112.180570	    112.202549	0.0	      0.000000	11	8	
000005	 -0.002169	 24.427164	    112.590704	    112.590704	32713	    112.579713	    112.601692	0.0	      0.000000	13	30	
000006	 -0.002169	 10.315391	    113.490248	    113.490248	6870	    113.479257	    113.501236	0.0	      0.000000	18	2	
000007	  0.010847	 79.188148	    113.941771	    113.941771	27304	    113.930780	    113.952759	0.0	      0.000000	20	513	
000008	  0.010847	108.648407	    114.689881	    114.689881	16184	    114.678890	    114.700869	0.0	      0.000000	24	1485	
000009	  0.002169	161.787369	    115.590415	    115.590415	56209	    115.579424	    115.601403	0.0	      0.000000	28	2516	
000010	  0.010847	 10.362164	    115.715510	    115.715510	32648	    115.704519	    115.726498	0.0	      0.000000	29	3	
000011	  0.002169	 17.769154	    117.790169	    117.790169	7892	    117.779178	    117.801157	0.0	      0.000000	40	9	
000012	  0.110643	 38.095238	    118.190512	    118.190512	11153	    118.179521	    118.201500	0.0	      0.000000	42	5181	
000013	  0.002169	38706.617188	    118.465290	    118.465290	37817	    118.454299	    118.476278	0.0	      0.000000	43	2520042	
000014	 -0.008678	129.233505	    118.490166	    118.490166	46164	    118.479175	    118.501154	0.0	      0.000000	43	2520042	
000015	 -0.099795	507.854034	    118.540135	    118.540135	62931	    118.529144	    118.547896	0.0	      0.000000	43	2520042	
000016	 -1.156324	 15.832999	    118.615955	    118.615955	22836	    118.604964	    118.626944	0.0	      0.000000	44	226595	
000017	  0.049898	29996.957031	    118.690461	    118.690461	47836	    118.679470	    118.701449	0.0	      0.000000	44	226595	
000018	 -0.106304	 27.198587	    118.735439	    118.735439	62928	    118.724448	    118.743208	0.0	      0.000000	44	226595	
000019	 -0.030372	1082.376831	    118.944845	    118.944845	2121	    118.938524	    118.955833	0.0	      0.000000	46	186621	
000020	  0.006508	387.821716	    118.965242	    118.965242	8965	    118.954251	    118.976230	0.0	      0.000000	46	186621	
000021	 -0.342775	 40.427807	    118.990439	    118.990439	17420	    118.979448	    119.001428	0.0	      0.000000	46	186621	
000022	 -0.093287	 25.108486	    119.090337	    119.090337	50940	    119.079346	    119.101325	0.0	      0.000000	46	186621	
000023	 -0.030372	15788.864258	    119.140145	    119.140145	2117	    119.133836	    119.151134	0.0	      0.000000	47	395123	
000024	  0.017356	544.180420	    119.165105	    119.165105	10492	    119.154114	    119.176093	0.0	      0.000000	47	395123	
000025	 -0.236472	 39.770638	    119.289801	    119.289801	52333	    119.278810	    119.300789	0.0	      0.000000	47	395123	
000026	 -0.013017	2474.116699	    119.365311	    119.365311	12134	    119.354320	    119.376299	0.0	      0.000000	48	136746	
000027	 -0.041220	 10.288786	    119.598580	    119.598580	24870	    119.587589	    119.609568	0.0	      0.000000	49	167478	
000028	 -0.062914	825.914856	    119.640047	    119.640047	38784	    119.629056	    119.651035	0.0	      0.000000	49	167478	
000029	  0.008678	 20.601795	    119.740227	    119.740227	6863	    119.729236	    119.751215	0.0	      0.000000	50	147038	
000030	  0.060745	4344.647949	    119.890559	    119.890559	57306	    119.879568	    119.901547	0.0	      0.000000	50	147038	
000031	  0.138846	310.671875	    120.040193	    120.040193	41979	    120.029202	    120.051182	0.0	      0.000000	51	63461	
000032	 -0.002169	 15.279895	    120.090241	    120.090241	58772	    120.079249	    120.101229	0.0	      0.000000	51	63461	
000033	  0.390503	462.605865	    120.339981	    120.339981	11499	    120.328990	    120.350969	0.0	      0.000000	53	41157	
000034	 -0.002169	 14.779611	    120.465184	    120.465184	53510	    120.454192	    120.476172	0.0	      0.000000	53	41157	
000035	  0.023864	1124.071899	    120.515159	    120.515159	4743	    120.504168	    120.526147	0.0	      0.000000	54	87789	
000036	  0.034711	 57.898602	    120.540384	    120.540384	13207	    120.529393	    120.551372	0.0	      0.000000	54	87789	
000037	  0.006508	 18.498577	    120.565197	    120.565197	21533	    120.554206	    120.576185	0.0	      0.000000	54	87789	
000038	 -0.032542	2017.652222	    121.023706	    121.023706	44311	    121.012715	    121.034694	0.0	      0.000000	56	76139	
000039	 -0.353623	1065.199585	    121.465424	    121.465424	61455	    121.454433	    121.476412	0.0	      0.000000	58	112521	
000040	  0.002169	9139.110352	    121.765137	    121.765137	30950	    121.754146	    121.776125	0.0	      0.000000	60	384069	
000041	  0.019525	275.473145	    121.990118	    121.990118	40905	    121.979127	    122.001106	0.0	      0.000000	61	13419	
000042	 -0.258166	 89.103058	    122.165105	    122.165105	34085	    122.154114	    122.176093	0.0	      0.000000	62	22597	
000043	  0.112812	 26.389303	    122.740117	    122.740117	30419	    122.729126	    122.751105	0.0	      0.000000	65	2046	
000044	  0.002169	 15.149096	    122.940049	    122.940049	31969	    122.929058	    122.951037	0.0	      0.000000	66	8	
000045	  0.190913	7038.898438	    123.044712	    123.044712	1552	    123.040086	    123.055700	0.0	      0.000000	67	101382	
000046	  0.190913	62649.414062	    123.240012	    123.240012	1548	    123.235399	    123.251000	0.0	      0.000000	68	384744	
000047	  0.071592	3012.917236	    123.439831	    123.439831	3060	    123.430711	    123.450819	0.0	      0.000000	69	77796	
000048	  0.019525	 42.825947	    123.590046	    123.590046	53464	    123.579055	    123.601035	0.0	      0.000000	69	77796	
000049	  0.002169	9816.675781	    123.814917	    123.814917	63382	    123.803926	    123.821333	0.0	      0.000000	70	125533	
000050	  0.002169	129.713394	    123.889983	    123.889983	23034	    123.878992	    123.900971	0.0	      0.000000	71	34980	
000051	 -0.002169	1198.131714	    124.010217	    124.010217	63378	    123.999226	    124.016646	0.0	      0.000000	71	34980	
000052	 -0.088948	18344.697266	    124.064824	    124.064824	16165	    124.053833	    124.075812	0.0	      0.000000	72	869857	
000053	 -0.479451	139.916580	    124.165389	    124.165389	49909	    124.154398	    124.176377	0.0	      0.000000	72	869857	
000054	 -0.039050	222.523422	    124.190018	    124.190018	58173	    124.179027	    124.201006	0.0	      0.000000	72	869857	
000055	 -2.013262	 22.190195	    124.211943	    124.211943	65530	    124.200952	    124.211958	0.0	      0.000000	72	869857	
000056	  2.258412	2839.368408	    124.215621	    124.215621	1228	    124.211961	    124.226609	0.0	      0.000000	73	6858625	
000057	 -3.271551	2257.165771	    124.243790	    124.243790	10680	    124.232799	    124.254778	0.0	      0.000000	73	6858625	
000058	  0.060745	229.145432	    124.262277	    124.262277	16883	    124.251285	    124.273265	0.0	      0.000000	73	6858625	
000059	  1.483913	44390.140625	    124.290005	    124.290005	26187	    124.279014	    124.300993	0.0	      0.000000	73	6858625	
000060	  3.323618	453.230865	    124.316585	    124.316585	35106	    124.305594	    124.327573	0.0	      0.000000	73	6858625	
000061	 -2.978674	966.081787	    124.337861	    124.337861	42245	    124.326870	    124.348849	0.0	      0.000000	73	6858625	
000062	  2.668440	18066.113281	    124.363786	    124.363786	50944	    124.352795	    124.374774	0.0	      0.000000	73	6858625	
000063	 -1.494761	183.557831	    124.392498	    124.392498	60578	    124.381507	    124.403486	0.0	      0.000000	73	6858625	
000064	  0.917683	5860.823242	    124.407301	    124.407301	9	    124.407274	    124.418289	0.0	      0.000000	74	7412432	
000065	 -1.219239	14857.008789	    124.433938	    124.433938	8947	    124.422947	    124.444926	0.0	      0.000000	74	7412432	
000066	  2.145600	2693.647705	    124.463237	    124.463237	18778	    124.452246	    124.474225	0.0	      0.000000	74	7412432	
000067	  0.190913	456179.562500	    124.489776	    124.489776	27683	    124.478784	    124.500764	0.0	      0.000000	74	7412432	
000068	 -3.549242	1406.815430	    124.517301	    124.517301	36919	    124.506310	    124.528289	0.0	      0.000000	74	7412432	
000069	  1.826688	60006.562500	    124.545482	    124.545482	46375	    124.534491	    124.556470	0.0	      0.000000	74	7412432	
000070	 -1.950348	5493.864258	    124.573028	    124.573028	55618	    124.562037	    124.584016	0.0	      0.000000	74	7412432	
000071	 -3.822595	334.847839	    124.599526	    124.599526	64509	    124.588535	    124.602583	0.0	      0.000000	74	7412432	
000072	  0.329758	21793.810547	    124.639675	    124.639675	12445	    124.628684	    124.650663	0.0	      0.000000	75	804839	
000073	 -0.075931	9998.237305	    124.764985	    124.764985	54492	    124.753994	    124.775973	0.0	      0.000000	75	804839	
000074	 -0.043389	153.229477	    124.864629	    124.864629	22391	    124.853638	    124.875617	0.0	      0.000000	76	685962	
000075	 -0.047728	24028.841797	    124.939949	    124.939949	47664	    124.928958	    124.950937	0.0	      0.000000	76	685962	
000076	 -0.329758	983.174011	    125.065175	    125.065175	24147	    125.054184	    125.076163	0.0	      0.000000	77	82929	
000077	  0.004339	 16.879751	    125.089932	    125.089932	32454	    125.078941	    125.100920	0.0	      0.000000	77	82929	
000078	 -0.041220	 15.943411	    125.114963	    125.114963	40853	    125.103972	    125.125951	0.0	      0.000000	77	82929	
000079	  0.034711	106.756683	    125.139836	    125.139836	49199	    125.128845	    125.150824	0.0	      0.000000	77	82929	
000080	  0.032542	1760.672607	    125.614742	    125.614742	11943	    125.603751	    125.625730	0.0	      0.000000	80	234578	
000081	  0.013017	415.564117	    125.789568	    125.789568	5069	    125.778577	    125.800556	0.0	      0.000000	81	60716	
000082	 -0.091117	 88.827606	    125.939897	    125.939897	55511	    125.928906	    125.950885	0.0	      0.000000	81	60716	
000083	  1.060868	54166.847656	    126.040656	    126.040656	23784	    126.029665	    126.051644	0.0	      0.000000	82	9052841	
000084	  0.054237	133.854645	    126.066408	    126.066408	32425	    126.055417	    126.077396	0.0	      0.000000	82	9052841	
000085	 -0.470774	141707.250000	    126.140189	    126.140189	57182	    126.129198	    126.151178	0.0	      0.000000	82	9052841	
000086	 -0.475113	141707.250000	    126.140192	    126.140192	57183	    126.129201	    126.151181	0.0	      0.000000	82	9052841	
000087	  0.060745	 16.481379	    126.189575	    126.189575	8217	    126.178584	    126.200563	0.0	      0.000000	83	1022	
000088	 -0.331928	114.130562	    126.715267	    126.715267	53538	    126.704276	    126.726255	0.0	      0.000000	85	33622	
000089	  0.438232	4243.461914	    126.872906	    126.872906	40897	    126.861915	    126.883894	0.0	      0.000000	86	168496	
000090	  0.010847	244.934601	    127.089778	    127.089778	48131	    127.078787	    127.100766	0.0	      0.000000	87	6060	
000091	  0.002169	 75.845604	    127.144447	    127.144447	939	    127.141649	    127.155435	0.0	      0.000000	88	450152	
000092	  0.010847	842.166260	    127.164769	    127.164769	7758	    127.153778	    127.175758	0.0	      0.000000	88	450152	
000093	 -0.503316	 64.915886	    127.189774	    127.189774	16148	    127.178783	    127.200762	0.0	      0.000000	88	450152	
000094	  0.002169	 34.197189	    127.289880	    127.289880	49738	    127.278889	    127.300868	0.0	      0.000000	88	450152	
000095	  0.006508	373.917114	    127.339745	    127.339745	934	    127.336961	    127.350733	0.0	      0.000000	89	23181	
000096	 -0.086779	648.976440	    127.665079	    127.665079	44562	    127.654088	    127.676067	0.0	      0.000000	90	63797	
000097	 -0.234302	18854.693359	    127.839685	    127.839685	37614	    127.828694	    127.850673	0.0	      0.000000	91	125523	
000098	 -0.034711	 24.953735	    127.939686	    127.939686	5633	    127.928695	    127.950675	0.0	      0.000000	92	887861	
000099	 -0.405690	69210.609375	    127.956251	    127.956251	11191	    127.945260	    127.967239	0.0	      0.000000	92	887861	
000100	  0.002169	 51.285534	    128.089747	    128.089747	55985	    128.078756	    128.100735	0.0	      0.000000	92	887861	
000101	  0.002169	 16.572462	    128.139705	    128.139705	7212	    128.128714	    128.150693	0.0	      0.000000	93	47382	
000102	  0.010847	183.164444	    128.264839	    128.264839	49200	    128.253848	    128.275827	0.0	      0.000000	93	47382	
000103	 -0.080270	4605.755371	    128.306434	    128.306434	63157	    128.295443	    128.313521	0.0	      0.000000	93	47382	
000104	 -0.082440	 45.203442	    128.322527	    128.322527	3021	    128.313524	    128.333515	0.0	      0.000000	94	17451	
000105	 -0.260336	455.095612	    128.501755	    128.501755	63160	    128.490764	    128.508833	0.0	      0.000000	94	17451	
000106	  0.060745	 25.117241	    128.714544	    128.714544	3488	    128.704149	    128.725532	0.0	      0.000000	96	7223	
000107	 -0.073762	 49.062309	    128.848121	    128.848121	48309	    128.837130	    128.859109	0.0	      0.000000	96	7223	
000108	  0.006508	 99.713715	    129.364676	    129.364676	25028	    129.353684	    129.375664	0.0	      0.000000	99	664	
000109	 -0.062914	870.349304	    129.564530	    129.564530	26552	    129.553539	    129.575518	0.0	      0.000000	100	190882	
000110	 -0.312403	 31.125090	    129.890022	    129.890022	4697	    129.879031	    129.901010	0.0	      0.000000	102	26250	
000111	 -0.002169	135.947281	    129.914579	    129.914579	12937	    129.903588	    129.925567	0.0	      0.000000	102	26250	
000112	 -0.021695	 71.411453	    129.989541	    129.989541	38090	    129.978550	    130.000529	0.0	      0.000000	102	26250	
000113	  0.002169	 14.159475	    130.089626	    130.089626	6137	    130.078635	    130.100614	0.0	      0.000000	103	915150	
000114	  0.036881	7260.583496	    130.114863	    130.114863	14605	    130.103872	    130.125851	0.0	      0.000000	103	915150	
000115	 -0.164879	72075.390625	    130.189702	    130.189702	39717	    130.178711	    130.200690	0.0	      0.000000	103	915150	
000116	 -0.216946	1156.291260	    130.214575	    130.214575	48063	    130.203584	    130.225563	0.0	      0.000000	103	915150	
000117	 -0.021695	485.663940	    130.889389	    130.889389	12349	    130.878398	    130.900377	0.0	      0.000000	107	79208	
000118	 -0.084609	697.219360	    131.214598	    131.214598	55935	    131.203607	    131.225586	0.0	      0.000000	108	84145	
000119	 -0.017356	21446.582031	    131.364447	    131.364447	40680	    131.353456	    131.375435	0.0	      0.000000	109	409721	
000120	 -0.060745	106.683594	    131.389582	    131.389582	49114	    131.378591	    131.400571	0.0	      0.000000	109	409721	
000121	  0.023864	405.211761	    131.444103	    131.444103	1872	    131.438524	    131.455091	0.0	      0.000000	110	49735	
000122	 -0.052067	100.980431	    131.464812	    131.464812	8821	    131.453821	    131.475801	0.0	      0.000000	110	49735	
000123	 -0.180065	 18.936148	    131.588587	    131.588587	50353	    131.577596	    131.599576	0.0	      0.000000	110	49735	
000124	  0.013017	6098.983887	    131.639406	    131.639406	1869	    131.633836	    131.650394	0.0	      0.000000	111	58906	
000125	 -0.177896	 12.448768	    131.814936	    131.814936	60767	    131.803945	    131.825924	0.0	      0.000000	111	58906	
000126	  0.006508	155.418533	    131.855908	    131.855908	8979	    131.844917	    131.866896	0.0	      0.000000	112	80600	
000127	  0.065084	156.235748	    131.989217	    131.989217	53710	    131.978226	    132.000205	0.0	      0.000000	112	80600	
000128	 -0.101965	443.884827	    132.014543	    132.014543	62208	    132.003552	    132.024458	0.0	      0.000000	112	80600	
000129	 -0.097626	 13.418091	    132.209844	    132.209844	62204	    132.198853	    132.219771	0.0	      0.000000	113	110	
000130	 -0.342775	200.828857	    132.539437	    132.539437	41725	    132.528445	    132.550425	0.0	      0.000000	115	10500	
000131	  0.002169	 21.760189	    132.839161	    132.839161	11224	    132.828170	    132.850150	0.0	      0.000000	117	325966	
000132	 -0.069423	23512.572266	    132.864356	    132.864356	19678	    132.853365	    132.875344	0.0	      0.000000	117	325966	
000133	 -0.106304	285.207397	    132.956034	    132.956034	50440	    132.945043	    132.967022	0.0	      0.000000	117	325966	
000134	  0.073762	7405.772461	    133.239776	    133.239776	14576	    133.228785	    133.250764	0.0	      0.000000	119	276834	
000135	 -0.444740	 51.967739	    133.306197	    133.306197	36863	    133.295206	    133.317185	0.0	      0.000000	119	276834	
000136	 -0.101965	1765.121826	    133.347738	    133.347738	50802	    133.336747	    133.358726	0.0	      0.000000	119	276834	
000137	  0.013017	119.524742	    133.789200	    133.789200	2324	    133.782274	    133.800188	0.0	      0.000000	122	29348	
000138	  0.002169	159.359863	    133.847609	    133.847609	21923	    133.836618	    133.858598	0.0	      0.000000	122	29348	
000139	  0.006508	 92.131866	    133.889386	    133.889386	35941	    133.878395	    133.900374	0.0	      0.000000	122	29348	
000140	  0.008678	 61.559425	    133.989263	    133.989263	3918	    133.978272	    134.000251	0.0	      0.000000	123	235942	
000141	  0.071592	318.985535	    134.039265	    134.039265	20696	    134.028274	    134.050253	0.0	      0.000000	123	235942	
000142	  0.013017	857.214111	    134.139243	    134.139243	54243	    134.128252	    134.150231	0.0	      0.000000	123	235942	
000143	 -0.049898	 17.667416	    134.314490	    134.314490	47510	    134.303499	    134.325478	0.0	      0.000000	124	313	
000144	 -0.527180	6448.233398	    134.439358	    134.439358	23873	    134.428367	    134.450347	0.0	      0.000000	125	156837	
000145	  0.023864	 13.452167	    134.464342	    134.464342	32256	    134.453351	    134.475330	0.0	      0.000000	125	156837	
000146	 -0.104134	234.214569	    134.539405	    134.539405	57443	    134.528414	    134.550393	0.0	      0.000000	125	156837	
000147	  0.410029	105.781395	    134.568557	    134.568557	1689	    134.563524	    134.579546	0.0	      0.000000	126	12431	
000148	 -0.154032	 25.789461	    134.639344	    134.639344	25441	    134.628353	    134.650332	0.0	      0.000000	126	12431	
000149	  0.060745	1481.690308	    134.764132	    134.764132	1777	    134.758836	    134.775120	0.0	      0.000000	127	29024	
000150	  0.360131	 47.180927	    134.797412	    134.797412	12944	    134.786421	    134.808401	0.0	      0.000000	127	29024	
000151	  0.002169	1415.936401	    135.064429	    135.064429	37004	    135.053438	    135.075417	0.0	      0.000000	128	166417	
000152	 -0.078101	4677.791992	    135.139436	    135.139436	62172	    135.128445	    135.149458	0.0	      0.000000	128	166417	
000153	 -0.047728	 19.746620	    135.189370	    135.189370	13391	    135.178379	    135.200358	0.0	      0.000000	129	21352	
000154	  0.004339	 13.786311	    135.262469	    135.262469	37919	    135.251478	    135.273457	0.0	      0.000000	129	21352	
000155	 -0.112812	160.856705	    135.334766	    135.334766	62178	    135.323775	    135.344771	0.0	      0.000000	129	21352	
000156	  0.047728	2959.683105	    135.380799	    135.380799	12088	    135.369808	    135.391787	0.0	      0.000000	130	90371	
000157	 -0.002169	72514.390625	    135.655845	    135.655845	38842	    135.644853	    135.666833	0.0	      0.000000	131	589829	
000158	 -0.088948	15842.366211	    135.889238	    135.889238	51620	    135.878247	    135.900227	0.0	      0.000000	132	206528	
000159	 -0.017356	 29.862726	    135.943771	    135.943771	4382	    135.932780	    135.954759	0.0	      0.000000	133	550141	
000160	 -0.123659	65291.097656	    136.072243	    136.072243	47490	    136.061251	    136.083231	0.0	      0.000000	133	550141	
000161	  0.030372	12077.605469	    136.139053	    136.139053	4372	    136.128062	    136.150042	0.0	      0.000000	134	222091	
000162	  0.032542	 10.744637	    136.350656	    136.350656	9838	    136.339665	    136.361644	0.0	      0.000000	135	5	
000163	 -0.017356	 95.412758	    136.555881	    136.555881	13164	    136.544890	    136.566869	0.0	      0.000000	136	775234	
000164	 -0.019525	13291.998047	    136.572412	    136.572412	18711	    136.561421	    136.583400	0.0	      0.000000	136	775234	
000165	 -0.008678	84577.992188	    136.639116	    136.639116	41093	    136.628124	    136.650104	0.0	      0.000000	136	775234	
000166	  0.095456	 12.131368	    136.812407	    136.812407	33704	    136.801416	    136.823395	0.0	      0.000000	137	6207719	
000167	 -2.544781	 31.291208	    136.865238	    136.865238	51431	    136.854247	    136.876226	0.0	      0.000000	137	6207719	
000168	 -3.004707	 71.973022	    136.891020	    136.891020	60082	    136.880029	    136.902008	0.0	      0.000000	137	6207719	
000169	  3.735816	 49.689560	    137.065125	    137.065125	52966	    137.054134	    137.076113	0.0	      0.000000	138	8485945	
000170	 -3.989644	328.042694	    137.437287	    137.437287	46771	    137.426296	    137.448275	0.0	      0.000000	140	1139866	
000171	 -0.002169	 15.033679	    137.589163	    137.589163	32196	    137.578172	    137.600151	0.0	      0.000000	141	6	
000172	 -3.262873	413.644043	    137.703848	    137.703848	5142	    137.692857	    137.714836	0.0	      0.000000	142	6555232	
000173	  0.006508	 12.345306	    140.089009	    140.089009	19037	    140.078017	    140.099997	0.0	      0.000000	154	5	
000174	 -0.149693	5549.127441	    140.263909	    140.263909	12188	    140.252918	    140.274898	0.0	      0.000000	155	111828	
000175	  0.002169	 24.134945	    143.838775	    143.838775	32066	    143.827784	    143.849764	0.0	      0.000000	173	23	
000176	 -0.004339	857.258789	    144.264570	    144.264570	43867	    144.253579	    144.275558	0.0	      0.000000	175	511471	
000177	  0.010847	9861.135742	    144.494748	    144.494748	55566	    144.483757	    144.505737	0.0	      0.000000	176	1406109	
000178	  0.006508	11315.400391	    144.568730	    144.568730	14854	    144.557739	    144.579718	0.0	      0.000000	177	7246919	
000179	  0.175727	305.709778	    144.613445	    144.613445	29858	    144.602454	    144.624433	0.0	      0.000000	177	7246919	
000180	  0.026034	3641.409424	    144.639704	    144.639704	38669	    144.628713	    144.650692	0.0	      0.000000	177	7246919	
000181	  0.110643	 95.157516	    144.663599	    144.663599	46687	    144.652608	    144.674588	0.0	      0.000000	177	7246919	
000182	 -0.004339	4514.946777	    144.713474	    144.713474	63422	    144.702483	    144.719771	0.0	      0.000000	177	7246919	
000183	  0.086779	13359.788086	    144.738311	    144.738311	6220	    144.727320	    144.749299	0.0	      0.000000	178	1636160	
000184	  0.147524	109.563919	    144.763378	    144.763378	14631	    144.752387	    144.774366	0.0	      0.000000	178	1636160	
000185	  0.043389	 84.752792	    144.888702	    144.888702	56683	    144.877711	    144.899690	0.0	      0.000000	178	1636160	
000186	 -0.114982	961.481506	    144.909150	    144.909150	63544	    144.898159	    144.915083	0.0	      0.000000	178	1636160	
000187	  2.770405	 17.037968	    145.289445	    145.289445	60078	    145.278454	    145.300433	0.0	      0.000000	180	1091	
000188	 -0.004339	108.265831	    145.326099	    145.326099	6841	    145.315108	    145.337087	0.0	      0.000000	181	2340	
000189	  0.019525	 19.125813	    145.638898	    145.638898	46263	    145.627907	    145.649886	0.0	      0.000000	182	10816	
000190	 -0.167049	 18.130396	    145.677239	    145.677239	59128	    145.666248	    145.688227	0.0	      0.000000	182	10816	
000191	  0.010847	 51.551220	    145.738587	    145.738587	14177	    145.727596	    145.749575	0.0	      0.000000	183	393056	
000192	  0.683381	1579.969360	    145.763260	    145.763260	22456	    145.752269	    145.774249	0.0	      0.000000	183	393056	
000193	 -0.006508	 53.704784	    145.801142	    145.801142	35167	    145.790151	    145.812130	0.0	      0.000000	183	393056	
000194	 -3.646868	 51.175102	    146.042133	    146.042133	50494	    146.031142	    146.053121	0.0	      0.000000	184	161058	
000195	  0.184404	 35.256840	    146.172178	    146.172178	28594	    146.161187	    146.183166	0.0	      0.000000	185	5399	
000196	 -0.429554	 10.702091	    146.488300	    146.488300	3595	    146.477586	    146.499288	0.0	      0.000000	187	3165	
000197	 -0.013017	 48.248402	    146.526018	    146.526018	16251	    146.515027	    146.537006	0.0	      0.000000	187	3165	
000198	 -1.722554	 49.160915	    146.727288	    146.727288	18250	    146.716297	    146.738276	0.0	      0.000000	188	61471	
000199	  0.015186	 16.123150	    147.447247	    147.447247	63220	    147.436256	    147.454146	0.0	      0.000000	191	18	
000200	  0.030372	 14.130112	    147.472441	    147.472441	6138	    147.461450	    147.483430	0.0	      0.000000	192	1391	
000201	  0.010847	 18.862864	    147.629512	    147.629512	58842	    147.618521	    147.640500	0.0	      0.000000	192	1391	
000202	  0.661686	799.859436	    147.988022	    147.988022	48066	    147.977031	    147.999010	0.0	      0.000000	194	54582	
000203	  2.475358	155.710571	    148.303607	    148.303607	22887	    148.292616	    148.314596	0.0	      0.000000	196	137716	
000204	  0.021695	 76.018349	    148.375932	    148.375932	47155	    148.364941	    148.386920	0.0	      0.000000	196	137716	
000205	  0.019525	 27.020512	    148.451346	    148.451346	6924	    148.440355	    148.462335	0.0	      0.000000	197	47071	
000206	  0.004339	 31.710506	    148.604477	    148.604477	58306	    148.593486	    148.615465	0.0	      0.000000	197	47071	
000207	  0.021695	178.368500	    149.104020	    149.104020	29317	    149.093029	    149.115008	0.0	      0.000000	200	729605	
000208	 -0.008678	142.877823	    149.472642	    149.472642	21934	    149.461651	    149.483630	0.0	      0.000000	202	570426	
000209	  0.444740	 10.341049	    149.638310	    149.638310	11987	    149.627319	    149.649298	0.0	      0.000000	203	26	
000210	 -0.002169	263.208160	    150.088391	    150.088391	31937	    150.077400	    150.099379	0.0	      0.000000	205	1995	
000211	  0.850430	168.364227	    150.542999	    150.542999	53406	    150.532008	    150.553987	0.0	      0.000000	207	187025	
000212	  0.635653	562.154724	    151.288149	    151.288149	41293	    151.277158	    151.299137	0.0	      0.000000	211	28813	
000213	 -3.058944	2101.868408	    151.688254	    151.688254	44474	    151.677263	    151.699242	0.0	      0.000000	213	173248	
000214	 -0.056406	 10.621396	    154.263184	    154.263184	56509	    154.252193	    154.274172	0.0	      0.000000	226	98	
000215	  0.349284	 11.080891	    155.512935	    155.512935	17104	    155.501944	    155.523923	0.0	      0.000000	233	32	
000216	 -0.073762	 78.517006	    155.688015	    155.688015	10315	    155.677024	    155.699003	0.0	      0.000000	234	9798	
000217	 -0.004339	315.393951	    155.886993	    155.886993	11545	    155.876002	    155.897981	0.0	      0.000000	235	87037	
000218	 -0.002169	 35.376266	    156.338004	    156.338004	31807	    156.327012	    156.348992	0.0	      0.000000	237	109	
000219	 -0.132337	 22.509104	    156.462986	    156.462986	8208	    156.451994	    156.473974	0.0	      0.000000	238	540447	
000220	 -0.060745	 46.714489	    156.512231	    156.512231	24732	    156.501240	    156.523219	0.0	      0.000000	238	540447	
000221	 -0.008678	 39.797112	    156.537482	    156.537482	33205	    156.526491	    156.548471	0.0	      0.000000	238	540447	
000222	 -1.529472	1704.128662	    156.613598	    156.613598	58745	    156.602606	    156.624586	0.0	      0.000000	238	540447	
000223	  0.019525	134.340927	    156.712619	    156.712619	26435	    156.701628	    156.723607	0.0	      0.000000	239	6963865	
000224	 -0.262505	8475.334961	    156.738097	    156.738097	34984	    156.727106	    156.749085	0.0	      0.000000	239	6963865	
000225	 -0.219116	956.793579	    156.812918	    156.812918	60090	    156.801927	    156.823907	0.0	      0.000000	239	6963865	
000226	 -0.071592	44538.199219	    156.888002	    156.888002	19748	    156.877011	    156.898991	0.0	      0.000000	240	1329067	
000227	 -0.197421	 79.784325	    156.962815	    156.962815	44851	    156.951824	    156.973803	0.0	      0.000000	240	1329067	
000228	 -0.006508	 81.990433	    157.162911	    157.162911	46456	    157.151920	    157.173899	0.0	      0.000000	241	3934	
000229	  0.433893	 11.052381	    157.287586	    157.287586	22754	    157.276595	    157.298574	0.0	      0.000000	242	4	
000230	 -0.039050	43247.656250	    157.462654	    157.462654	15961	    157.451663	    157.473642	0.0	      0.000000	243	1018697	
000231	 -0.956733	 42.349060	    157.525385	    157.525385	37010	    157.514394	    157.536373	0.0	      0.000000	243	1018697	
000232	  0.019525	17872.876953	    157.954008	    157.954008	49760	    157.943017	    157.964996	0.0	      0.000000	245	12932690	
000233	  0.006508	147.275513	    159.713090	    159.713090	50186	    159.702099	    159.724078	0.0	      0.000000	254	95896	
000234	  0.002169	 17.586914	    159.837750	    159.837750	26479	    159.826759	    159.848738	0.0	      0.000000	255	12	
000235	  0.010847	 89.367699	    160.087771	    160.087771	44836	    160.076779	    160.098759	0.0	      0.000000	256	641	
000236	  0.026034	 14.886481	    160.103357	    160.103357	50066	    160.092366	    160.114345	0.0	      0.000000	256	641	
000237	  0.002169	 17.740099	    160.212589	    160.212589	21182	    160.201598	    160.223577	0.0	      0.000000	257	146	
000238	 -0.008678	72999.632812	    161.012724	    161.012724	27519	    161.001733	    161.023712	0.0	      0.000000	261	1139446	
000239	  0.010847	12234.149414	    161.325681	    161.325681	1458	    161.321336	    161.336670	0.0	      0.000000	263	8781558	
000240	 -0.013017	 11.696022	    161.516190	    161.516190	65382	    161.505199	    161.516646	0.0	      0.000000	263	8781558	
000241	  0.006508	6471.156738	    161.529383	    161.529383	4273	    161.518392	    161.540371	0.0	      0.000000	264	12719722	
000242	  0.017356	 37.818806	    161.660409	    161.660409	48238	    161.649418	    161.671397	0.0	      0.000000	264	12719722	
000243	  0.429554	1348.359497	    161.712537	    161.712537	193	    161.711961	    161.723525	0.0	      0.000000	265	1198864	
000244	  0.075931	19935.095703	    161.762628	    161.762628	17001	    161.751637	    161.773616	0.0	      0.000000	265	1198864	
000245	 -0.058576	130.117050	    162.062672	    162.062672	52143	    162.051681	    162.073660	0.0	      0.000000	266	8809606	
000246	  0.015186	150.544144	    162.112391	    162.112391	3290	    162.102586	    162.123379	0.0	      0.000000	267	9072469	
000247	  0.006508	 58.183697	    162.587619	    162.587619	31678	    162.576628	    162.598607	0.0	      0.000000	269	241	
000248	  0.234302	 52.053478	    164.711952	    164.711952	23590	    164.700961	    164.722941	0.0	      0.000000	280	39426	
000249	  0.002169	 13.043317	    165.712425	    165.712425	31613	    165.701434	    165.723414	0.0	      0.000000	285	2	
000250	 -0.034711	181.759491	    166.187486	    166.187486	59945	    166.176495	    166.198474	0.0	      0.000000	287	16431	
000251	  0.004339	 38.776367	    166.253272	    166.253272	16483	    166.242281	    166.264260	0.0	      0.000000	288	237782	
000252	  0.065084	 44.518322	    166.312272	    166.312272	36280	    166.301281	    166.323260	0.0	      0.000000	288	237782	
000253	  0.002169	157.642593	    166.350118	    166.350118	48979	    166.339127	    166.361106	0.0	      0.000000	288	237782	
000254	 -0.054237	140.715195	    166.412449	    166.412449	4358	    166.401458	    166.423437	0.0	      0.000000	289	14053	
000255	  0.010847	 18.686037	    166.754026	    166.754026	53436	    166.743034	    166.765014	0.0	      0.000000	290	25	
000256	  0.017356	 15.519425	    166.887099	    166.887099	32552	    166.876108	    166.898087	0.0	      0.000000	291	428	
000257	  0.002169	 94.521904	    167.013067	    167.013067	9284	    167.002076	    167.024055	0.0	      0.000000	292	301448	
000258	  0.002169	1208.407715	    167.124623	    167.124623	46716	    167.113632	    167.135611	0.0	      0.000000	292	301448	
000259	 -0.002169	227.293655	    167.999932	    167.999932	12741	    167.988941	    168.010921	0.0	      0.000000	297	3156529	
000260	 -0.002169	 14.790362	    168.154308	    168.154308	64541	    168.143317	    168.157271	0.0	      0.000000	297	3156529	
000261	 -0.002169	 20.524378	    168.349609	    168.349609	64537	    168.338618	    168.352583	0.0	      0.000000	298	7	
000262	 -0.052067	 17.661180	    168.703157	    168.703157	52096	    168.692166	    168.714145	0.0	      0.000000	300	17683	
000263	  0.004339	 18.536299	    168.837232	    168.837232	31548	    168.826241	    168.848220	0.0	      0.000000	301	14	
000264	  0.010847	2024.276489	    169.178263	    169.178263	14907	    169.167272	    169.189251	0.0	      0.000000	303	6430177	
000265	 -0.004339	 43.386753	    169.719720	    169.719720	65518	    169.708729	    169.719771	0.0	      0.000000	305	471	
000266	  0.017356	195.354782	    169.776133	    169.776133	18911	    169.765142	    169.787121	0.0	      0.000000	306	14739008	
000267	  0.030372	 71.159233	    169.802526	    169.802526	27767	    169.791535	    169.813514	0.0	      0.000000	306	14739008	
000268	  0.006508	5473.351562	    169.891367	    169.891367	57577	    169.880376	    169.902355	0.0	      0.000000	306	14739008	
000269	  0.010847	3685.477051	    170.087153	    170.087153	57736	    170.076162	    170.098141	0.0	      0.000000	307	1677357	
000270	  0.036881	1186.659790	    171.861795	    171.861795	63383	    171.850804	    171.868208	0.0	      0.000000	316	136816	
000271	 -0.002169	508.873474	    172.057095	    172.057095	63379	    172.046104	    172.063521	0.0	      0.000000	317	85551	
000272	  0.002169	7680.365234	    172.343195	    172.343195	28306	    172.332204	    172.354183	0.0	      0.000000	319	245369	
000273	  0.004339	 19.032688	    172.510550	    172.510550	18925	    172.499559	    172.521538	0.0	      0.000000	320	128	
000274	  0.008678	262.844879	    172.718174	    172.718174	23056	    172.707182	    172.729162	0.0	      0.000000	321	46820	
000275	  0.054237	 89.516640	    173.155460	    173.155460	38713	    173.144469	    173.166448	0.0	      0.000000	323	173605	
000276	  0.080270	5656.258301	    173.186279	    173.186279	49054	    173.175288	    173.197267	0.0	      0.000000	323	173605	
000277	  1.219239	 32.623802	    173.611456	    173.611456	60648	    173.600465	    173.622445	0.0	      0.000000	325	5152	
000278	  0.010847	 25.198366	    175.086844	    175.086844	31418	    175.075853	    175.097832	0.0	      0.000000	333	43	
000279	  0.010847	 11.787801	    177.032593	    177.032593	28943	    177.021602	    177.043581	0.0	      0.000000	343	3	
000280	  0.006508	272.408051	    180.086538	    180.086538	5101	    180.075547	    180.097527	0.0	      0.000000	359	11115	
000281	 -0.019525	 14.834183	    180.104089	    180.104089	10990	    180.093098	    180.115077	0.0	      0.000000	359	11115	
000282	 -0.002169	113.575882	    181.239042	    181.239042	64137	    181.228051	    181.243208	0.0	      0.000000	364	2345759	
000283	 -0.002169	 13.329605	    184.461269	    184.461269	31225	    184.450278	    184.472257	0.0	      0.000000	381	2845843	
000284	 -0.008678	8840.940430	    184.558967	    184.558967	64007	    184.547976	    184.563521	0.0	      0.000000	381	2845843	
000285	  0.010847	170.840469	    184.851867	    184.851867	31216	    184.840876	    184.862855	0.0	      0.000000	383	1876	
000286	  0.010847	167.180832	    185.047168	    185.047168	31212	    185.036177	    185.058156	0.0	      0.000000	384	2450	
000287	  0.010847	 96.549950	    185.242468	    185.242468	31208	    185.231477	    185.253457	0.0	      0.000000	385	623	
000288	  0.010847	 78.915718	    185.437769	    185.437769	31204	    185.426778	    185.448757	0.0	      0.000000	386	415	
000289	  0.010847	 77.344749	    185.633070	    185.633070	31200	    185.622078	    185.644058	0.0	      0.000000	387	506	
000290	  0.015186	 62.099644	    185.828367	    185.828367	31195	    185.817376	    185.839355	0.0	      0.000000	388	325	
000291	  0.017356	 43.040722	    186.023665	    186.023665	31190	    186.012674	    186.034653	0.0	      0.000000	389	118	
000292	 -0.002169	161.691589	    187.586075	    187.586075	31160	    187.575084	    187.597063	0.0	      0.000000	397	706	
000293	  0.015186	 10.136793	    188.250926	    188.250926	57639	    188.239935	    188.261915	0.0	      0.000000	400	1	
000294	  0.010847	4569.180664	    190.085918	    190.085918	18000	    190.074927	    190.096906	0.0	      0.000000	410	898711	
