# -------------------------- o --------------------------
# File ID: TIC249862365.bary.0000.h5 
# -------------------------- o --------------------------
# Source:TIC    
# MJD: 59410.307336669284	RA: 23h19m11.12s	DEC: 75d01m04.31s
# DELTAT:   0.671089	DELTAF(Hz):   2.980232	max_drift_rate:   4.000000	obs_length: 899.929866
# --------------------------
# Top_Hit_# 	Drift_Rate 	SNR 	Uncorrected_Frequency 	Corrected_Frequency 	Index 	freq_start 	freq_end 	SEFD 	SEFD_freq 	Coarse_Channel_Number 	Full_number_of_hits 	
# --------------------------
   1      0.002169   2101.724365    110.093449    110.093449      45873    110.082458    110.104437 0.0      0.000000      0     154176
   2      0.017356    962.970642    129.567672    129.567672      26738    129.556681    129.578661 0.0      0.000000    100     147214
   3     -0.054237     26.660782    130.717628    130.717628      19383    130.706637    130.728616 0.0      0.000000    106       1848
   4      0.106304     15.000319    130.892195    130.892195      12422    130.881204    130.903183 0.0      0.000000    107        302
   5     -0.173557     64.309761    131.217833    131.217833      56152    131.206842    131.228821 0.0      0.000000    108      14916
   6      0.154032  10460.870117    131.367345    131.367345      40784    131.356354    131.378333 0.0      0.000000    109     182975
   7      0.032542     56.917526    112.194158    112.194158      29858    112.183167    112.205146 0.0      0.000000     11        583
   8      0.021695     10.006410    131.500991    131.500991      20092    131.490000    131.511979 0.0      0.000000    110     281961
   9     -0.338436   4146.968262    131.591965    131.591965      50618    131.580974    131.602953 0.0      0.000000    110     281961
  10      2.980843     11.450175    131.641455    131.641455       1688    131.636424    131.652443 0.0      0.000000    111      48656
  11     -0.043389    665.129578    131.817965    131.817965      60915    131.806974    131.828953 0.0      0.000000    111      48656
  12     -0.047728   8254.877930    131.917553    131.917553      28795    131.906562    131.928541 0.0      0.000000    112     379679
  13      0.006508     26.267611    132.842289    132.842289      11405    132.831298    132.853277 0.0      0.000000    117     363929
  14      0.071592  66839.851562    132.859920    132.859920      17321    132.848929    132.870908 0.0      0.000000    117     363929
  15     -0.017356    134.428284    133.126079    133.126079      41093    133.115088    133.137067 0.0      0.000000    118      15196
  16     -0.047728   9851.770508    133.242844    133.242844      14737    133.231853    133.253832 0.0      0.000000    119     299189
  17     -0.581416     44.345402    133.309181    133.309181      36996    133.298190    133.320169 0.0      0.000000    119     299189
  18     -0.052067   5660.292969    133.350866    133.350866      50983    133.339875    133.361854 0.0      0.000000    119     299189
  19     -1.147646    292.597168    133.793326    133.793326       2840    133.784862    133.804314 0.0      0.000000    122     177820
  20      0.245149    539.336914    133.892460    133.892460      36104    133.881469    133.903448 0.0      0.000000    122     177820
  21      0.017356    317.768311    133.992408    133.992408       4105    133.981417    134.003396 0.0      0.000000    123      25095
  22      0.049898     61.543556    134.042694    134.042694      20978    134.031703    134.053682 0.0      0.000000    123      25095
  23     -0.019525     41.088497    134.317555    134.317555      47670    134.306564    134.328543 0.0      0.000000    124       7011
  24     -0.021695  41152.503906    134.442546    134.442546      24074    134.431554    134.453534 0.0      0.000000    125     265241
  25      0.440401    256.298462    134.571995    134.571995       1974    134.566112    134.582983 0.0      0.000000    126      10291
  26      0.067253   3803.788574    134.767418    134.767418       2011    134.761424    134.778406 0.0      0.000000    127     105359
  27     -0.158371   6901.466309    134.792204    134.792204      10328    134.781213    134.803192 0.0      0.000000    127     105359
  28      0.002169   1435.155518    135.017406    135.017406      20357    135.006414    135.028394 0.0      0.000000    128     320746
  29      0.032542    157.189407    135.067551    135.067551      37183    135.056560    135.078539 0.0      0.000000    128     320746
  30     -0.134507    243.170044    135.192426    135.192426      13548    135.181435    135.203414 0.0      0.000000    129      27439
  31      0.008678     51.034473    135.265650    135.265650      38118    135.254659    135.276638 0.0      0.000000    129      27439
  32     -0.002169     17.483389    112.593354    112.593354      32734    112.582363    112.604342 0.0      0.000000     13         12
  33      0.019525    865.449646    135.383777    135.383777      12219    135.372786    135.394766 0.0      0.000000    130      36749
  34      0.193082     46.129887    135.600378    135.600378      19362    135.589387    135.611366 0.0      0.000000    131      10118
  35     -0.112812    735.373657    135.767470    135.767470       9893    135.756479    135.778459 0.0      0.000000    132    1377045
  36     -0.023864  98796.921875    135.892223    135.892223      51753    135.881232    135.903211 0.0      0.000000    132    1377045
  37     -0.618297  67029.187500    136.075951    136.075951      47866    136.064960    136.086939 0.0      0.000000    133     972335
  38      0.082440    155.294373    136.142378    136.142378       4619    136.131387    136.153366 0.0      0.000000    134      38333
  39      0.036881    862.150208    136.367370    136.367370      14578    136.356379    136.378358 0.0      0.000000    135     215788
  40     -0.054237   2136.786621    136.492281    136.492281      56491    136.481290    136.503269 0.0      0.000000    135     215788
  41     -0.086779   2329.711670    136.575909    136.575909      19016    136.564918    136.586897 0.0      0.000000    136      41782
  42      1.425338     10.100115    136.817481    136.817481      34538    136.806490    136.828469 0.0      0.000000    137   10531059
  43      0.841752     47.608143    136.865415    136.865415      50622    136.854424    136.876403 0.0      0.000000    137   10531059
  44     -0.258166     32.939400    137.068068    137.068068      53085    137.057076    137.079056 0.0      0.000000    138    3508974
  45     -3.993983    266.770294    137.444346    137.444346      48271    137.433355    137.455334 0.0      0.000000    140    4479918
  46     -3.922390     81.856262    137.510718    137.510718       5006    137.499727    137.521707 0.0      0.000000    141    8858770
  47     -3.811748     49.347694    137.550037    137.550037      18199    137.539046    137.561025 0.0      0.000000    141    8858770
  48     -0.581416     77.936165    137.690701    137.690701      65398    137.679710    137.691109 0.0      0.000000    141    8858770
  49      2.067499     79.197632    137.712051    137.712051       7026    137.701060    137.723039 0.0      0.000000    142    7520996
  50     -0.008678    263.703094    137.787719    137.787719      32416    137.776728    137.798707 0.0      0.000000    142    7520996
  51      1.065207     10.456783    137.830187    137.830187      46666    137.819196    137.841176 0.0      0.000000    142    7520996
  52     -3.957102     19.636574    138.006277    138.006277      40216    137.995286    138.017266 0.0      0.000000    143      15075
  53     -0.039050    315.256470    140.017255    140.017255      59628    140.006264    140.028243 0.0      0.000000    153      49992
  54      0.002169     16.560457    140.092306    140.092306      19275    140.081315    140.103294 0.0      0.000000    154          5
  55     -1.065207     10.540506    140.642999    140.642999       7449    140.632008    140.653987 0.0      0.000000    157         18
  56     -3.902865   1781.678833    141.817607    141.817607       8366    141.806616    141.828595 0.0      0.000000    163     429015
  57     -0.004339     16.058184    143.842171    143.842171      32337    143.831180    143.853159 0.0      0.000000    173        349
  58     -0.125829     13.190635    143.866287    143.866287      40429    143.855296    143.877275 0.0      0.000000    173        349
  59      0.156201     31.904646    143.992548    143.992548      17259    143.981557    144.003536 0.0      0.000000    174       3572
  60      0.013017    390.444824    144.498153    144.498153      55840    144.487162    144.509141 0.0      0.000000    176      16841
  61      0.006508   1016.893311    144.572131    144.572131      15127    144.561140    144.583120 0.0      0.000000    177     120958
  62      0.039050     12.609907    144.591840    144.591840      21740    144.580849    144.602828 0.0      0.000000    177     120958
  63      3.950593     52.969334    144.891052    144.891052      56603    144.880061    144.902040 0.0      0.000000    178       7787
  64      2.234548     15.915670    145.014818    145.014818      32596    145.003827    145.025806 0.0      0.000000    179       1408
  65     -0.065084     16.979548    113.492920    113.492920       6898    113.481929    113.503908 0.0      0.000000     18        174
  66     -0.114982   1346.270508    145.191832    145.191832      26456    145.180841    145.202820 0.0      0.000000    180     335964
  67      0.019525     11.180746    145.216392    145.216392      34697    145.205401    145.227380 0.0      0.000000    180     335964
  68     -0.787515     17.340345    145.242091    145.242091      43320    145.231100    145.253079 0.0      0.000000    180     335964
  69     -1.293000     26.101427    145.292272    145.292272      60158    145.281281    145.303260 0.0      0.000000    180     335964
  70     -0.008678    295.075592    145.629551    145.629551      42258    145.618560    145.640539 0.0      0.000000    182      76641
  71      0.030372     13.558177    145.642303    145.642303      46537    145.631312    145.653291 0.0      0.000000    182      76641
  72     -0.004339   1200.174438    145.691778    145.691778      63138    145.680787    145.698921 0.0      0.000000    182      76641
  73      0.006508    324.021759    145.742022    145.742022      14461    145.731030    145.753010 0.0      0.000000    183    2990116
  74     -0.036881    665.221863    145.754509    145.754509      18651    145.743518    145.765497 0.0      0.000000    183    2990116
  75      0.032542     78.952003    145.792122    145.792122      31272    145.781131    145.803110 0.0      0.000000    183    2990116
  76     -0.069423   4210.959473    145.816697    145.816697      39518    145.805706    145.827685 0.0      0.000000    183    2990116
  77      0.423045    207.543396    145.866500    145.866500      56229    145.855509    145.877488 0.0      0.000000    183    2990116
  78     -0.002169    114.293503    145.887081    145.887081      63135    145.876090    145.894234 0.0      0.000000    183    2990116
  79     -3.195620     48.537003    146.067359    146.067359      58090    146.056368    146.078347 0.0      0.000000    184     166424
  80      0.002169     12.862887    146.341737    146.341737      19084    146.330746    146.352725 0.0      0.000000    186          2
  81     -1.533811     10.475945    146.492444    146.492444       4117    146.481453    146.503432 0.0      0.000000    187         57
  82      0.002169     12.807398    146.555264    146.555264      25196    146.544273    146.566253 0.0      0.000000    187         57
  83     -0.002169     12.010464    146.967043    146.967043      32294    146.956052    146.978031 0.0      0.000000    189          3
  84     -1.397135    180.355698    147.392814    147.392814      44087    147.381823    147.403802 0.0      0.000000    191      45803
  85     -1.824519     11.953929    147.842319    147.842319      63844    147.831328    147.847359 0.0      0.000000    193        511
  86      0.600941   1335.179077    147.991817    147.991817      48471    147.980826    148.002805 0.0      0.000000    194      25374
  87     -0.705076     51.769653    148.142718    148.142718      33569    148.131727    148.153706 0.0      0.000000    195      12300
  88     -0.013017     19.125542    148.220499    148.220499      59668    148.209508    148.231487 0.0      0.000000    195      12300
  89      0.017356    354.785065    148.307534    148.307534      23336    148.296543    148.318522 0.0      0.000000    196     441313
  90      0.006508     33.197701    148.379438    148.379438      47463    148.368447    148.390426 0.0      0.000000    196     441313
  91      0.010847     49.439289    148.454322    148.454322       7054    148.443331    148.465310 0.0      0.000000    197      30962
  92     -0.004339     24.371572    148.592158    148.592158      53304    148.581167    148.603146 0.0      0.000000    197      30962
  93      0.006508     20.750837    148.608010    148.608010      58623    148.597019    148.618998 0.0      0.000000    197      30962
  94     -0.197421     82.283943    110.388295    110.388295      13735    110.377304    110.399284 0.0      0.000000      2       7791
  95      0.010847     34.328293    113.944452    113.944452      27335    113.933461    113.955440 0.0      0.000000     20        143
  96      3.093655     98.933693    149.097701    149.097701      26328    149.086709    149.108689 0.0      0.000000    200     152243
  97     -0.041220     53.701736    149.482752    149.482752      24458    149.471761    149.493741 0.0      0.000000    202      94712
  98      0.002169   1129.554321    150.091924    150.091924      32254    150.080933    150.102912 0.0      0.000000    205      62589
  99      1.290831     50.843937    150.538550    150.538550      51045    150.527559    150.549539 0.0      0.000000    207      73763
 100     -0.418706   3742.297852    150.741713    150.741713      53679    150.730722    150.752701 0.0      0.000000    208      62322
 101      0.002169     71.908722    150.841554    150.841554      21644    150.830563    150.852542 0.0      0.000000    209        391
 102      0.390503   7835.927734    150.991635    150.991635       6467    150.980644    151.002623 0.0      0.000000    210     160204
 103      0.067253     41.320229    151.066865    151.066865      31710    151.055874    151.077853 0.0      0.000000    210     160204
 104      0.553213   2908.323730    151.291727    151.291727      41625    151.280736    151.302715 0.0      0.000000    211      46420
 105      0.453418   5986.349609    151.691796    151.691796      44794    151.680805    151.702784 0.0      0.000000    213     125048
 106     -0.002169     12.552459    153.216805    153.216805      32214    153.205814    153.227793 0.0      0.000000    221          4
 107     -3.861645     47.668797    153.992568    153.992568      30373    153.981577    154.003556 0.0      0.000000    225      48010
 108      0.021695   1041.521851    155.891554    155.891554      12207    155.880563    155.902542 0.0      0.000000    235     250528
 109      0.010847     45.854836    156.341682    156.341682      32173    156.330691    156.352671 0.0      0.000000    237     222013
 110     -0.008678   3405.750977    156.391473    156.391473      48880    156.380482    156.402461 0.0      0.000000    237     222013
 111      0.134507     28.555796    156.466512    156.466512       8523    156.455521    156.477501 0.0      0.000000    238     174291
 112      0.010847    112.610001    156.491543    156.491543      16922    156.480552    156.502532 0.0      0.000000    238     174291
 113     -0.013017   4493.361816    156.516205    156.516205      25197    156.505214    156.527193 0.0      0.000000    238     174291
 114     -0.078101     24.906393    156.566660    156.566660      42127    156.555669    156.577648 0.0      0.000000    238     174291
 115      0.618297    140.598694    156.616350    156.616350      58800    156.605359    156.627338 0.0      0.000000    238     174291
 116      0.032542    217.345581    156.666525    156.666525      10100    156.655534    156.677513 0.0      0.000000    239    6331457
 117      1.026156     16.795389    156.691225    156.691225      18388    156.680234    156.702213 0.0      0.000000    239    6331457
 118      0.054237     97.330124    156.716569    156.716569      26892    156.705578    156.727557 0.0      0.000000    239    6331457
 119      0.010847  63147.558594    156.741600    156.741600      35291    156.730609    156.752588 0.0      0.000000    239    6331457
 120      1.256119   9285.054688    156.815858    156.815858      60208    156.804867    156.826846 0.0      0.000000    239    6331457
 121     -0.158371    397.121429    114.692606    114.692606      16230    114.681615    114.703594 0.0      0.000000     24      79660
 122     -0.015186     75.874329    156.841500    156.841500       3276    156.831737    156.852488 0.0      0.000000    240     628803
 123      0.399181   4028.494385    156.891231    156.891231      19963    156.880240    156.902219 0.0      0.000000    240     628803
 124      0.023864     31.513123    156.966679    156.966679      45279    156.955688    156.977667 0.0      0.000000    240     628803
 125      1.195374     44.811172    157.011195    157.011195      60216    157.000204    157.022183 0.0      0.000000    240     628803
 126     -0.052067     11.738634    157.066025    157.066025      13078    157.055034    157.077013 0.0      0.000000    241          4
 127     -0.568399   5654.536621    157.466371    157.466371      16340    157.455380    157.477360 0.0      0.000000    243     128552
 128      0.021695     16.806238    157.800140    157.800140      62798    157.789148    157.808296 0.0      0.000000    244         66
 129      0.008678   5519.966309    157.957731    157.957731      50141    157.946740    157.968719 0.0      0.000000    245   11435903
 130     -0.002169     22.793095    158.100261    158.100261      32430    158.089270    158.111249 0.0      0.000000    246      12598
 131      0.010847     15.895374    159.466563    159.466563      32133    159.455572    159.477551 0.0      0.000000    253          6
 132      0.013017    268.975494    160.091539    160.091539      45232    160.080548    160.102527 0.0      0.000000    256       5177
 133     -0.004339     14.419406    160.107155    160.107155      50472    160.096164    160.118143 0.0      0.000000    256       5177
 134      0.002169     67.482788    160.741423    160.741423       1153    160.737987    160.752411 0.0      0.000000    260       3149
 135      0.006508    119.568329    160.816451    160.816451      26328    160.805459    160.827439 0.0      0.000000    260       3149
 136      0.002169  33764.546875    161.328881    161.328881       1663    161.323924    161.339869 0.0      0.000000    263   11102684
 137      0.002169  15136.286133    161.532585    161.532585       4479    161.521594    161.543574 0.0      0.000000    264   13591896
 138      0.023864     27.576359    161.664812    161.664812      48847    161.653821    161.675800 0.0      0.000000    264   13591896
 139      0.008678  10841.249023    161.766438    161.766438      17411    161.755447    161.777426 0.0      0.000000    265    7788663
 140      0.002169  147811.640625    161.791481    161.791481      25814    161.780490    161.802469 0.0      0.000000    265    7788663
 141     -0.013017     94.153969    161.841454    161.841454      42582    161.830463    161.852442 0.0      0.000000    265    7788663
 142     -0.026034  10016.540039    161.891373    161.891373      59332    161.880382    161.902361 0.0      0.000000    265    7788663
 143      0.045559    232.121216    161.916401    161.916401       2194    161.909862    161.927389 0.0      0.000000    266    7752954
 144     -0.008678     28.395258    161.941354    161.941354      10567    161.930363    161.952342 0.0      0.000000    266    7752954
 145     -0.002169     64.533890    161.991455    161.991455      27378    161.980464    162.002443 0.0      0.000000    266    7752954
 146     -0.203930     72.823891    162.066393    162.066393      52523    162.055402    162.077381 0.0      0.000000    266    7752954
 147     -0.015186     18.045851    162.086673    162.086673      59328    162.075682    162.097661 0.0      0.000000    266    7752954
 148     -0.004339     77.477539    162.116377    162.116377       3759    162.105386    162.127365 0.0      0.000000    267    7906296
 149      0.013017     16.418022    162.591444    162.591444      32093    162.580453    162.602432 0.0      0.000000    269         14
 150      0.117151     29.046299    162.696193    162.696193       1705    162.691112    162.707181 0.0      0.000000    270        511
 151      0.034711    526.777161    162.891536    162.891536       1715    162.886424    162.902524 0.0      0.000000    271      15514
 152      0.002169     21.885992    115.593158    115.593158      56261    115.582167    115.604146 0.0      0.000000     28         23
 153      0.010847     24.847580    165.109550    165.109550      25061    165.098558    165.120538 0.0      0.000000    282         67
 154      0.013017     13.025417    165.716325    165.716325      32053    165.705334    165.727313 0.0      0.000000    285         12
 155     -0.032542    515.406555    165.916108    165.916108      33553    165.905117    165.927096 0.0      0.000000    286     110091
 156     -0.034711    142.592163    166.241132    166.241132      11541    166.230141    166.252120 0.0      0.000000    288    7927734
 157      0.010847     61.917797    166.258429    166.258429      17345    166.247438    166.269417 0.0      0.000000    288    7927734
 158     -0.065084     11.050123    166.291390    166.291390      28405    166.280399    166.302379 0.0      0.000000    288    7927734
 159      0.002169     14.940846    166.378529    166.378529      57644    166.367538    166.389518 0.0      0.000000    288    7927734
 160      0.004339     13.083561    166.891061    166.891061      33013    166.880070    166.902049 0.0      0.000000    291         62
 161     -0.004339   1255.143188    167.128570    167.128570      47172    167.117579    167.139559 0.0      0.000000    292     503754
 162      0.002169    331.804169    168.002318    168.002318      12673    167.991327    168.013306 0.0      0.000000    297    3460777
 163     -0.002169     55.096443    168.158265    168.158265      65000    168.147273    168.159859 0.0      0.000000    297    3460777
 164     -0.002169     73.336639    168.353571    168.353571      64998    168.342580    168.355171 0.0      0.000000    298       1015
 165      1.692182     30.884909    168.706517    168.706517      52355    168.695526    168.717505 0.0      0.000000    300      27486
 166      0.004339     19.017944    168.841206    168.841206      32013    168.830215    168.852194 0.0      0.000000    301         21
 167     -0.071592     56.297405    169.066556    169.066556      42092    169.055565    169.077544 0.0      0.000000    302      20045
 168      0.043389   2795.477051    169.174720    169.174720      12850    169.163729    169.185709 0.0      0.000000    303    6951054
 169     -0.162710     40.565567    169.353609    169.353609       7339    169.342618    169.364597 0.0      0.000000    304       1270
 170      0.017356     63.649078    169.780730    169.780730      19585    169.769739    169.791718 0.0      0.000000    306   15553437
 171      0.006508     49.911018    169.806536    169.806536      28244    169.795545    169.817524 0.0      0.000000    306   15553437
 172      0.006508  21752.619141    169.895367    169.895367      58051    169.884376    169.906356 0.0      0.000000    306   15553437
 173      0.010847   4147.781738    170.091157    170.091157      58211    170.080166    170.102145 0.0      0.000000    307    1941547
 174      0.002169     49.448238    170.653804    170.653804      50396    170.642813    170.664792 0.0      0.000000    310      34202
 175      0.004339     13.248479    170.953615    170.953615      19924    170.942624    170.964603 0.0      0.000000    312          6
 176     -0.062914     84.731094    171.265681    171.265681      59100    171.254690    171.276669 0.0      0.000000    313       9868
 177      0.021695     16.247145    171.494879    171.494879       4934    171.483888    171.505867 0.0      0.000000    315         50
 178     -0.004339     48.635002    171.865846    171.865846      63874    171.854855    171.870796 0.0      0.000000    316       1240
 179     -0.004339     13.185784    172.061150    172.061150      63871    172.050159    172.066109 0.0      0.000000    317          3
 180      0.010847   3578.437988    172.347249    172.347249      28798    172.336258    172.358237 0.0      0.000000    319     247799
 181      0.006508     17.668531    172.514610    172.514610      19419    172.503619    172.525598 0.0      0.000000    320         50
 182     -1.381948     42.210403    172.691439    172.691439      13217    172.680448    172.702427 0.0      0.000000    321      10159
 183      3.071960    159.651596    173.187976    173.187976      48755    173.176985    173.198964 0.0      0.000000    323      20314
 184     -0.238641     13.792038    173.290818    173.290818      17727    173.279826    173.301806 0.0      0.000000    324       1194
 185     -0.097626     51.730610    173.615940    173.615940      61284    173.604949    173.626928 0.0      0.000000    325       5690
 186     -0.613958     91.734558    173.741402    173.741402      37846    173.730411    173.752390 0.0      0.000000    326      21430
 187      0.305894     10.769673    173.840769    173.840769       5652    173.829778    173.851757 0.0      0.000000    327         42
 188      0.013017     32.790016    175.090967    175.090967      31933    175.079976    175.101955 0.0      0.000000    333        100
 189      0.002169     87.745407    116.597568    116.597568         69    116.597362    116.608556 0.0      0.000000     34        619
 190      1.151985     18.230034    176.715253    176.715253      52665    176.704262    176.726242 0.0      0.000000    341       2046
 191      0.017356     18.780272    177.036749    177.036749      29469    177.025758    177.047737 0.0      0.000000    343         37
 192      1.156324     11.375322    177.340226    177.340226        227    177.339549    177.351214 0.0      0.000000    345         50
 193      1.210561     10.511391    178.090601    178.090601      55403    178.079610    178.101589 0.0      0.000000    348         42
 194     -1.583709     22.555792    178.241672    178.241672      40558    178.230681    178.252660 0.0      0.000000    349       2682
 195      0.002169    100.593399    116.792871    116.792871         66    116.792674    116.803859 0.0      0.000000     35        671
 196      0.010847    324.787476    180.090775    180.090775       5654    180.079784    180.101763 0.0      0.000000    359     201899
 197      0.010847     16.593500    180.108343    180.108343      11549    180.097352    180.119331 0.0      0.000000    359     201899
 198     -0.004339     44.653332    181.243305    181.243305      64699    181.232314    181.245796 0.0      0.000000    364    1195000
 199     -0.002169    571.665222    184.563311    184.563311      64596    184.552319    184.566109 0.0      0.000000    381    1715860
 200      0.004339    219.649017    184.856226    184.856226      31810    184.845235    184.867214 0.0      0.000000    383       3190
 201      0.004339    142.162216    185.051529    185.051529      31807    185.040538    185.062517 0.0      0.000000    384       2298
 202      0.004339    124.921951    185.246836    185.246836      31805    185.235845    185.257824 0.0      0.000000    385       1105
 203      0.004339    123.829803    185.442139    185.442139      31802    185.431148    185.453127 0.0      0.000000    386        898
 204     -0.004339    192.125153    185.637452    185.637452      31802    185.626461    185.648440 0.0      0.000000    387       3199
 205      0.004339    231.981979    185.832749    185.832749      31797    185.821758    185.843738 0.0      0.000000    388       3530
 206      0.004339    124.104691    186.028056    186.028056      31795    186.017065    186.039044 0.0      0.000000    389        843
 207      0.002169    105.126602    187.590490    187.590490      31773    187.579499    187.601478 0.0      0.000000    397        403
 208      0.013017   3831.186279    190.090396    190.090396      18634    190.079405    190.101384 0.0      0.000000    410    1132632
 209     -0.043389     25.734402    190.140440    190.140440      35426    190.129449    190.151428 0.0      0.000000    410    1132632
 210      0.002169  78924.921875    118.468075    118.468075      37883    118.457083    118.479063 0.0      0.000000     43    2633023
 211     -0.065084  25606.816406    118.492894    118.492894      46211    118.481903    118.503882 0.0      0.000000     43    2633023
 212      0.104134    939.565979    118.554883    118.554883       1475    118.550487    118.565871 0.0      0.000000     44    6548832
 213     -0.850430    864.366821    118.569575    118.569575       6405    118.558584    118.580563 0.0      0.000000     44    6548832
 214      1.173680    395.968018    118.583022    118.583022      10917    118.572031    118.594010 0.0      0.000000     44    6548832
 215     -0.180065    282.206818    118.607389    118.607389      19093    118.596397    118.618377 0.0      0.000000     44    6548832
 216      0.856938    572.715942    118.621247    118.621247      23743    118.610256    118.632235 0.0      0.000000     44    6548832
 217      0.583586   1127.990967    118.635656    118.635656      28578    118.624665    118.646644 0.0      0.000000     44    6548832
 218     -0.258166   3574.695068    118.650298    118.650298      33491    118.639307    118.661286 0.0      0.000000     44    6548832
 219      0.555383   4187.457520    118.664245    118.664245      38171    118.653254    118.675234 0.0      0.000000     44    6548832
 220      0.318911  41617.398438    118.678637    118.678637      43000    118.667646    118.689625 0.0      0.000000     44    6548832
 221      0.119321  429277.312500    118.693014    118.693014      47824    118.682022    118.704002 0.0      0.000000     44    6548832
 222      0.073762  429277.312500    118.693031    118.693031      47830    118.682040    118.704020 0.0      0.000000     44    6548832
 223     -0.288539  296039.906250    118.707477    118.707477      52677    118.696486    118.718465 0.0      0.000000     44    6548832
 224     -0.379656  15946.550781    118.721809    118.721809      57486    118.710817    118.732797 0.0      0.000000     44    6548832
 225      0.175727   3511.238037    118.735869    118.735869      62204    118.724878    118.745796 0.0      0.000000     44    6548832
 226     -0.060745     24.906197    118.842818    118.842818      32554    118.831827    118.853806 0.0      0.000000     45        636
 227     -0.049898    137.383270    118.947654    118.947654       2195    118.941112    118.958642 0.0      0.000000     46     108142
 228     -0.249488   3762.993164    118.968086    118.968086       9051    118.957095    118.979074 0.0      0.000000     46     108142
 229     -0.032542     87.800819    118.992744    118.992744      17325    118.981753    119.003733 0.0      0.000000     46     108142
 230     -0.295047     88.740723    119.093584    119.093584      51161    119.082593    119.104572 0.0      0.000000     46     108142
 231     -0.049898   2060.403809    119.142957    119.142957       2192    119.136424    119.153945 0.0      0.000000     47     215880
 232      0.002169    516.071472    119.167917    119.167917      10567    119.156925    119.178905 0.0      0.000000     47     215880
 233     -0.002169    315.368134    119.367893    119.367893      12132    119.356902    119.378881 0.0      0.000000     48      83521
 234      0.006508     13.481822    119.643025    119.643025      38915    119.632034    119.654013 0.0      0.000000     49          5
 235      0.002169     28.268957    119.743051    119.743051       6942    119.732060    119.754039 0.0      0.000000     50        128
 236      0.616128     29.216700    120.042895    120.042895      42017    120.031904    120.053883 0.0      0.000000     51      10246
 237     -0.019525     25.962099    120.068143    120.068143      50489    120.057152    120.079132 0.0      0.000000     51      10246
 238      0.006508     19.805397    120.093067    120.093067      58852    120.082076    120.104055 0.0      0.000000     51      10246
 239      0.004339     10.478899    120.242708    120.242708      43527    120.231716    120.253696 0.0      0.000000     52         17
 240     -0.060745     39.265785    120.318158    120.318158       3308    120.308299    120.329146 0.0      0.000000     53      74597
 241      0.106304    434.194092    120.467769    120.467769      53509    120.456778    120.478757 0.0      0.000000     53      74597
 242     -0.002169     14.332624    120.518033    120.518033       4839    120.507042    120.529021 0.0      0.000000     54       7936
 243      0.002169     24.756128    120.542844    120.542844      13164    120.531853    120.553832 0.0      0.000000     54       7936
 244      0.006508     72.609734    120.568036    120.568036      21617    120.557045    120.579024 0.0      0.000000     54       7936
 245     -0.026034   1389.535034    120.742990    120.742990      14786    120.731999    120.753978 0.0      0.000000     55     222499
 246      0.052067   1673.923096    121.026017    121.026017      44218    121.015026    121.037005 0.0      0.000000     56      53044
 247     -0.015186   8724.008789    121.467842    121.467842      61398    121.456851    121.478830 0.0      0.000000     58     114812
 248     -0.049898     72.377357    121.663161    121.663161      61400    121.652170    121.674149 0.0      0.000000     59      15173
 249     -0.080270     15.248173    111.248233    111.248233      40138    111.237241    111.259221 0.0      0.000000      6        134
 250      0.017356   9867.528320    121.767999    121.767999      31042    121.757008    121.778987 0.0      0.000000     60     144175
 251      0.078101     43.953815    121.892794    121.892794       7380    121.881802    121.903782 0.0      0.000000     61       6607
 252      0.015186     22.787725    121.992992    121.992992      41001    121.982001    122.003980 0.0      0.000000     61       6607
 253      0.002169     26.443445    122.942944    122.942944      32072    122.931953    122.953932 0.0      0.000000     66         53
 254      0.149693  15123.469727    123.047499    123.047499       1619    123.042674    123.058488 0.0      0.000000     67     174488
 255      0.154032  133451.500000    123.242803    123.242803       1616    123.237987    123.253791 0.0      0.000000     68     618407
 256     -1.306017     69.734734    123.617993    123.617993      61973    123.607002    123.628609 0.0      0.000000     69      15193
 257     -0.056406     10.409634    111.398052    111.398052      24873    111.387061    111.409040 0.0      0.000000      7          2
 258      1.058698     29.534904    123.642053    123.642053       4510    123.631062    123.653041 0.0      0.000000     70     175973
 259     -0.275522  22236.986328    123.817955    123.817955      63533    123.806964    123.823921 0.0      0.000000     70     175973
 260      0.002169     50.618542    123.892905    123.892905      23146    123.881914    123.903893 0.0      0.000000     71      77287
 261     -0.275522   2732.280273    124.013262    124.013262      63531    124.002270    124.019234 0.0      0.000000     71      77287
 262     -0.052067   3257.566406    124.067767    124.067767      16284    124.056776    124.078755 0.0      0.000000     72     178810
 263     -0.195252     27.117859    124.192058    124.192058      57989    124.181067    124.203046 0.0      0.000000     72     178810
 264     -0.477282    191.653229    124.214353    124.214353      65470    124.203362    124.214546 0.0      0.000000     72     178810
 265      0.002169  33055.656250    124.218132    124.218132       1202    124.214549    124.229120 0.0      0.000000     73    6032134
 266      3.269382    575.200012    124.232249    124.232249       5939    124.221258    124.243237 0.0      0.000000     73    6032134
 267      0.084609  15371.708008    124.247272    124.247272      10980    124.236281    124.258261 0.0      0.000000     73    6032134
 268     -1.583709   2607.851807    124.263094    124.263094      16289    124.252103    124.274083 0.0      0.000000     73    6032134
 269      2.193328   1075.959106    124.277522    124.277522      21130    124.266531    124.288510 0.0      0.000000     73    6032134
 270     -0.017356  119460.445312    124.292953    124.292953      26308    124.281962    124.303942 0.0      0.000000     73    6032134
 271     -2.952640    693.310669    124.308483    124.308483      31519    124.297492    124.319472 0.0      0.000000     73    6032134
 272      1.598895   3917.323486    124.322601    124.322601      36256    124.311610    124.333589 0.0      0.000000     73    6032134
 273     -0.190913  14489.459961    124.338652    124.338652      41642    124.327661    124.349640 0.0      0.000000     73    6032134
 274      0.724601    870.400513    124.351134    124.351134      45830    124.340142    124.362122 0.0      0.000000     73    6032134
 275      0.718092    870.400513    124.351136    124.351136      45831    124.340145    124.362125 0.0      0.000000     73    6032134
 276      1.371101  77213.656250    124.367528    124.367528      51331    124.356537    124.378516 0.0      0.000000     73    6032134
 277     -1.954687   1417.027100    124.383311    124.383311      56627    124.372320    124.394299 0.0      0.000000     73    6032134
 278      1.698690   2227.704346    124.397795    124.397795      61487    124.386804    124.408783 0.0      0.000000     73    6032134
 279      1.529472   2868.424561    124.409862    124.409862          0    124.409862    124.420850 0.0      0.000000     74    6682325
 280      1.527302   2868.384766    124.409865    124.409865          1    124.409862    124.420853 0.0      0.000000     74    6682325
 281     -2.004584  26784.755859    124.437542    124.437542       9288    124.426551    124.448530 0.0      0.000000     74    6682325
 282      3.670732   1363.803955    124.464984    124.464984      18496    124.453993    124.475972 0.0      0.000000     74    6682325
 283     -0.312403  127870.023438    124.493013    124.493013      27901    124.482022    124.504002 0.0      0.000000     74    6682325
 284      3.881171    958.082642    124.521618    124.521618      37499    124.510627    124.532606 0.0      0.000000     74    6682325
 285      0.995784  12059.425781    124.548785    124.548785      46615    124.537794    124.559774 0.0      0.000000     74    6682325
 286     -3.933238   4732.595703    124.577560    124.577560      56270    124.566569    124.588548 0.0      0.000000     74    6682325
 287     -2.410274     86.194778    124.601273    124.601273      64227    124.590282    124.605171 0.0      0.000000     74    6682325
 288      3.388702    292.552612    124.614303    124.614303       3063    124.605174    124.625291 0.0      0.000000     75    4048714
 289     -0.201760   3296.176758    124.643023    124.643023      12700    124.632032    124.654012 0.0      0.000000     75    4048714
 290     -3.842120    153.707550    124.671747    124.671747      22338    124.660756    124.682735 0.0      0.000000     75    4048714
 291      0.681212   1678.268433    124.684687    124.684687      26680    124.673696    124.695675 0.0      0.000000     75    4048714
 292     -0.529349   2686.075439    124.700420    124.700420      31959    124.689429    124.711408 0.0      0.000000     75    4048714
 293     -2.887556    374.890533    124.713405    124.713405      36316    124.702413    124.724393 0.0      0.000000     75    4048714
 294      1.705198    874.662415    124.726407    124.726407      40679    124.715416    124.737395 0.0      0.000000     75    4048714
 295     -2.128244    670.360657    124.755080    124.755080      50300    124.744089    124.766068 0.0      0.000000     75    4048714
 296     -0.323250  13622.583984    124.768026    124.768026      54644    124.757035    124.779014 0.0      0.000000     75    4048714
 297     -1.034834    710.754578    124.796589    124.796589      64228    124.785598    124.800484 0.0      0.000000     75    4048714
 298      0.017356   1516.642578    124.942796    124.942796      47751    124.931805    124.953784 0.0      0.000000     76     121682
 299      0.002169    639.231995    125.067692    125.067692      24123    125.056701    125.078680 0.0      0.000000     77      64368
 300      0.010847    149.365646    125.142796    125.142796      49324    125.131805    125.153785 0.0      0.000000     77      64368
 301     -0.236472     13.605307    111.648081    111.648081      43233    111.637090    111.659069 0.0      0.000000      8        130
 302     -0.032542     23.217171    125.617869    125.617869      12124    125.606878    125.628857 0.0      0.000000     80       6847
 303     -0.277691     35.179638    125.693201    125.693201      37401    125.682210    125.704189 0.0      0.000000     80       6847
 304     -0.926361     17.284424    126.021420    126.021420      16461    126.010428    126.032408 0.0      0.000000     82   11294897
 305      1.295170  114053.421875    126.043816    126.043816      23976    126.032825    126.054804 0.0      0.000000     82   11294897
 306      1.221408  114053.421875    126.043873    126.043873      23995    126.032882    126.054861 0.0      0.000000     82   11294897
 307      0.299386    227.923004    126.069178    126.069178      32486    126.058187    126.080166 0.0      0.000000     82   11294897
 308      0.587925     19.176029    126.117660    126.117660      48754    126.106669    126.128648 0.0      0.000000     82   11294897
 309      0.067253  365604.468750    126.142655    126.142655      57141    126.131664    126.153644 0.0      0.000000     82   11294897
 310      0.058576  365604.468750    126.142661    126.142661      57143    126.131670    126.153649 0.0      0.000000     82   11294897
 311      0.030372     49.400166    126.192670    126.192670       8387    126.181679    126.203658 0.0      0.000000     83       7027
 312      0.023864    442.003723    126.717748    126.717748      53502    126.706757    126.728736 0.0      0.000000     85      45711
 313      0.114982     38.839931    126.742496    126.742496      61806    126.731505    126.753484 0.0      0.000000     85      45711
 314      0.099795     85.950195    126.876123    126.876123      41108    126.865132    126.887111 0.0      0.000000     86      22059
 315      0.002169     67.641441    127.092771    127.092771      48267    127.081780    127.103759 0.0      0.000000     87        388
 316      0.023864     70.092690    127.147423    127.147423       1069    127.144237    127.158411 0.0      0.000000     88     292535
 317      0.006508   9121.750977    127.167703    127.167703       7874    127.156712    127.178691 0.0      0.000000     88     292535
 318      0.010847    406.866516    127.292873    127.292873      49874    127.281882    127.303861 0.0      0.000000     88     292535
 319      0.019525    335.453857    127.342729    127.342729       1067    127.339549    127.353717 0.0      0.000000     89      15260
 320      0.023864   5967.640137    127.617361    127.617361      27682    127.606370    127.628349 0.0      0.000000     90     441164
 321     -0.075931   6054.041016    127.667742    127.667742      44587    127.656750    127.678730 0.0      0.000000     90     441164
 322     -0.021695  32768.574219    127.842920    127.842920      37831    127.831929    127.853908 0.0      0.000000     91     151682
 323      0.013017   2479.695068    127.959381    127.959381      11373    127.948390    127.970369 0.0      0.000000     92      31263
 324      0.010847    415.164062    128.092761    128.092761      56128    128.081770    128.103750 0.0      0.000000     92      31263
 325     -0.049898  26697.449219    128.142552    128.142552       7299    128.131561    128.153540 0.0      0.000000     93     425131
 326      1.679165     10.739093    128.241833    128.241833      40612    128.230842    128.252821 0.0      0.000000     93     425131
 327      0.264675   2270.233154    128.267540    128.267540      49238    128.256549    128.278528 0.0      0.000000     93     425131
 328      0.249488     17.336964    128.850971    128.850971      48397    128.839980    128.861959 0.0      0.000000     96       1534
 329      0.010847     93.782990    129.367717    129.367717      25180    129.356726    129.378705 0.0      0.000000     99      28807
 330      0.010847    136.687637    129.442735    129.442735      50352    129.431744    129.453723 0.0      0.000000     99      28807
