# -------------------------- o --------------------------
# File ID: TIC372757221.bary.0000.h5 
# -------------------------- o --------------------------
# Source:TICObj 
# MJD: 59403.548484213010	RA: 10h51m34.36s	DEC: 81d19m19.83s
# DELTAT:   0.671089	DELTAF(Hz):   2.980232
# --------------------------
# Top_Hit_# 	Drift_Rate 	SNR 	Uncorrected_Frequency 	Corrected_Frequency 	Index 	freq_start 	freq_end 	SEFD 	SEFD_freq 	Coarse_Channel_Number 	Full_number_of_hits 	
# --------------------------
001	  0.016558	 15.466594	    109.973100	    109.973100	4095	    109.964907	    109.981287	0.0	      0.000000	0	24086	
002	  0.000000	1097.580694	    110.097614	    110.097614	45875	    110.089421	    110.105801	0.0	      0.000000	0	24086	
003	  0.000000	 44.176923	    110.792598	    110.792598	16929	    110.784406	    110.800785	0.0	      0.000000	4	304	
004	  0.000000	 16.656461	    110.802609	    110.802609	20288	    110.794416	    110.810795	0.0	      0.000000	4	304	
005	 -0.013247	 11.175081	    110.888633	    110.888633	49153	    110.880441	    110.896820	0.0	      0.000000	4	304	
006	 -0.009935	 11.083175	    111.230430	    111.230430	32769	    111.222237	    111.238617	0.0	      0.000000	6	283	
007	 -0.973618	 18.550645	    111.298311	    111.298311	55546	    111.290118	    111.306498	0.0	      0.000000	6	283	
008	 -0.009935	 10.112779	    111.413536	    111.413536	28673	    111.405343	    111.421722	0.0	      0.000000	7	66	
009	  0.003312	 50.173325	    111.467218	    111.467218	46686	    111.459026	    111.475405	0.0	      0.000000	7	66	
010	 -0.003312	 14.244459	    111.535603	    111.535603	4096	    111.527410	    111.543790	0.0	      0.000000	8	2575	
011	 -0.026493	 10.426779	    111.572230	    111.572230	16386	    111.564037	    111.580417	0.0	      0.000000	8	2575	
012	 -0.023181	 12.883197	    112.060511	    112.060511	49154	    112.052318	    112.068698	0.0	      0.000000	10	2489	
013	  0.000000	 32.865231	    112.095979	    112.095979	61055	    112.087786	    112.104166	0.0	      0.000000	10	2489	
014	 -0.003312	 10.085706	    112.182576	    112.182576	24576	    112.174383	    112.190762	0.0	      0.000000	11	7	
015	  0.000000	 14.732322	    112.297568	    112.297568	63161	    112.289375	    112.304643	0.0	      0.000000	11	7	
016	  0.000000	120.283812	    112.597615	    112.597615	32768	    112.589422	    112.605801	0.0	      0.000000	13	336	
017	  0.000000	 12.269360	    112.988240	    112.988240	32768	    112.980047	    112.996426	0.0	      0.000000	15	2416	
018	  2.126065	 13.670598	    113.231859	    113.231859	48977	    113.223666	    113.240045	0.0	      0.000000	16	2416	
019	  0.000000	333.612495	    113.397959	    113.397959	39175	    113.389766	    113.406146	0.0	      0.000000	17	20976	
020	 -0.013247	 10.446934	    113.415489	    113.415489	45057	    113.407296	    113.423675	0.0	      0.000000	17	20976	
021	  0.019870	 14.038992	    113.964796	    113.964796	32766	    113.956603	    113.972983	0.0	      0.000000	20	2416	
022	  0.000000	 10.064120	    114.297593	    114.297593	13362	    114.289400	    114.305779	0.0	      0.000000	22	2	
023	  2.457227	 11.592888	    114.562342	    114.562342	36661	    114.554149	    114.570528	0.0	      0.000000	23	2409	
024	  0.000000	135.702130	    114.698112	    114.698112	16682	    114.689919	    114.706299	0.0	      0.000000	24	11278	
025	  0.009935	 64.090012	    114.997804	    114.997804	51706	    114.989612	    115.005991	0.0	      0.000000	25	535	
026	  0.000000	 35.411224	    115.722612	    115.722612	32767	    115.714419	    115.730798	0.0	      0.000000	29	36	
027	 -1.116018	 22.788855	    115.898413	    115.898413	26220	    115.890220	    115.906599	0.0	      0.000000	30	336	
028	  3.268576	 10.536338	    116.356581	    116.356581	48884	    116.348389	    116.364768	0.0	      0.000000	32	218	
029	  0.000000	 11.032008	    116.735795	    116.735795	45055	    116.727603	    116.743982	0.0	      0.000000	34	412	
030	  0.000000	729.482883	    117.498082	    117.498082	38692	    117.489889	    117.506269	0.0	      0.000000	38	63029	
031	  0.000000	 23.876191	    117.597672	    117.597672	6573	    117.589480	    117.605859	0.0	      0.000000	39	3903	
032	 -0.006623	 21.118285	    117.622605	    117.622605	14939	    117.614412	    117.630792	0.0	      0.000000	39	3903	
033	  0.016558	 13.380579	    117.724562	    117.724562	49150	    117.716369	    117.732748	0.0	      0.000000	39	3903	
034	 -0.423888	220.592374	    118.597192	    118.597192	14276	    118.588999	    118.605378	0.0	      0.000000	44	418251	
035	  0.019870	 82.409261	    118.697596	    118.697596	47966	    118.689403	    118.705782	0.0	      0.000000	44	418251	
036	 -0.519925	 77.684177	    118.797708	    118.797708	16022	    118.789515	    118.805894	0.0	      0.000000	45	6990	
037	 -0.036428	 10.459936	    118.933070	    118.933070	61442	    118.924877	    118.941256	0.0	      0.000000	45	6990	
038	 -0.086102	19829.403017	    119.172755	    119.172755	10795	    119.164562	    119.180942	0.0	      0.000000	47	156557	
039	  0.000000	 29.128948	    120.100489	    120.100489	59947	    120.092297	    120.108676	0.0	      0.000000	51	77	
040	  0.000000	 19.838855	    120.822701	    120.822701	40137	    120.814508	    120.830888	0.0	      0.000000	55	9918	
041	 -0.099349	 91.920809	    120.847368	    120.847368	48414	    120.839176	    120.855555	0.0	      0.000000	55	9918	
042	  0.000000	 90.448201	    121.022517	    121.022517	41648	    121.014324	    121.030703	0.0	      0.000000	56	331	
043	 -0.052986	1800.572087	    121.197295	    121.197295	34758	    121.189103	    121.205482	0.0	      0.000000	57	34105	
044	 -0.003312	 31.492570	    121.247411	    121.247411	51574	    121.239218	    121.255598	0.0	      0.000000	57	34105	
045	  0.009935	 73.198135	    121.897611	    121.897611	7601	    121.889418	    121.905798	0.0	      0.000000	61	4286	
046	 -0.009935	 10.195758	    122.119096	    122.119096	16383	    122.110903	    122.127283	0.0	      0.000000	62	10	
047	  0.029805	 10.738962	    122.363228	    122.363228	32764	    122.355035	    122.371414	0.0	      0.000000	63	167	
048	 -0.049674	 56.689351	    122.497591	    122.497591	12313	    122.489399	    122.505778	0.0	      0.000000	64	11427	
049	 -0.301358	 76.467515	    122.647432	    122.647432	62591	    122.639239	    122.655618	0.0	      0.000000	64	11427	
050	 -0.688818	1773.368495	    122.698087	    122.698087	14052	    122.689894	    122.706273	0.0	      0.000000	65	67793	
051	  0.000000	 17.763037	    122.897372	    122.897372	15385	    122.889179	    122.905558	0.0	      0.000000	66	5	
052	  0.049674	156251.348614	    123.072088	    123.072088	8474	    123.063895	    123.080275	0.0	      0.000000	67	1050778	
053	 -0.622586	166.395500	    123.873308	    123.873308	15175	    123.865116	    123.881495	0.0	      0.000000	71	4430	
054	 -0.129153	30052.376038	    124.047682	    124.047682	8149	    124.039489	    124.055868	0.0	      0.000000	72	209652	
055	  0.000000	 78.608442	    124.622598	    124.622598	4451	    124.614406	    124.630785	0.0	      0.000000	75	796328	
056	  0.023181	 10.573997	    124.719185	    124.719185	36860	    124.710992	    124.727371	0.0	      0.000000	75	796328	
057	  0.013247	638129.182280	    124.797601	    124.797601	63172	    124.789408	    124.804643	0.0	      0.000000	75	796328	
058	  0.887516	 76.804767	    124.922463	    124.922463	39533	    124.914271	    124.930650	0.0	      0.000000	76	154934	
059	  0.013247	39394.506067	    124.992913	    124.992913	63172	    124.984720	    124.999955	0.0	      0.000000	76	154934	
060	  0.003312	6411.240383	    125.108132	    125.108132	36297	    125.099939	    125.116319	0.0	      0.000000	77	951886	
061	  0.142400	 10.880765	    125.317299	    125.317299	40946	    125.309107	    125.325486	0.0	      0.000000	78	1439	
062	  0.000000	 10.091406	    125.572643	    125.572643	61089	    125.564450	    125.580829	0.0	      0.000000	79	2	
063	  0.043051	 10.011821	    125.720158	    125.720158	45051	    125.711966	    125.728345	0.0	      0.000000	80	2411	
064	  0.039740	 11.962558	    125.756779	    125.756779	57339	    125.748587	    125.764966	0.0	      0.000000	80	2411	
065	  0.000000	 24.516320	    125.827599	    125.827599	15566	    125.819406	    125.835785	0.0	      0.000000	81	55	
066	  0.000000	 17.674810	    126.094791	    126.094791	39685	    126.086599	    126.102978	0.0	      0.000000	82	6	
067	  0.036428	 10.116922	    126.293889	    126.293889	40955	    126.285696	    126.302075	0.0	      0.000000	83	6	
068	 -0.039740	 10.923413	    126.647911	    126.647911	28673	    126.639718	    126.656097	0.0	      0.000000	85	107	
069	 -0.735181	 27.248994	    127.097952	    127.097952	48610	    127.089760	    127.106139	0.0	      0.000000	87	768	
070	 -1.751851	 11.853368	    127.160430	    127.160430	4038	    127.152237	    127.168617	0.0	      0.000000	88	3026948	
071	  2.122753	 33.268924	    127.189839	    127.189839	13906	    127.181646	    127.198026	0.0	      0.000000	88	3026948	
072	 -0.632521	305055.144639	    127.222639	    127.222639	24912	    127.214447	    127.230826	0.0	      0.000000	88	3026948	
073	 -0.009935	 91.456047	    127.246049	    127.246049	32767	    127.237856	    127.254236	0.0	      0.000000	88	3026948	
074	 -0.198698	218.260784	    127.297828	    127.297828	50141	    127.289635	    127.306014	0.0	      0.000000	88	3026948	
075	 -0.536484	3729.326809	    127.310696	    127.310696	54459	    127.302504	    127.318883	0.0	      0.000000	88	3026948	
076	 -0.112595	4638.458797	    127.372557	    127.372557	9680	    127.364364	    127.380744	0.0	      0.000000	89	68192	
077	  0.023181	 10.743329	    127.392525	    127.392525	16380	    127.384332	    127.400711	0.0	      0.000000	89	68192	
078	  0.013247	1887.164776	    127.597603	    127.597603	19657	    127.589411	    127.605790	0.0	      0.000000	90	518103	
079	  0.000000	 15.228402	    128.095737	    128.095737	55731	    128.087544	    128.103924	0.0	      0.000000	92	4	
080	 -0.119219	91387.250712	    128.147519	    128.147519	7570	    128.139326	    128.155705	0.0	      0.000000	93	1473792	
081	  0.000000	 31.486679	    128.222609	    128.222609	32766	    128.214416	    128.230795	0.0	      0.000000	93	1473792	
082	  0.023181	 16.174873	    128.625435	    128.625435	36860	    128.617242	    128.633621	0.0	      0.000000	95	2677	
083	 -0.003312	 10.026954	    128.637648	    128.637648	40958	    128.629455	    128.645834	0.0	      0.000000	95	2677	
084	  0.000000	 11.388286	    128.705075	    128.705075	63583	    128.696883	    128.710893	0.0	      0.000000	95	2677	
085	  0.218567	 46.566327	    128.806025	    128.806025	31920	    128.797832	    128.814212	0.0	      0.000000	96	5145	
086	  0.993488	 11.382055	    128.930375	    128.930375	8109	    128.922182	    128.938562	0.0	      0.000000	97	2414	
087	 -0.211944	335080.566156	    129.197583	    129.197583	32233	    129.189390	    129.205769	0.0	      0.000000	98	3115946	
088	  0.880893	119826.129349	    129.272121	    129.272121	57244	    129.263929	    129.280308	0.0	      0.000000	98	3115946	
089	  0.162270	 10.207127	    129.297563	    129.297563	245	    129.296833	    129.305750	0.0	      0.000000	99	485055	
090	 -0.152335	93588.441482	    129.472449	    129.472449	58927	    129.464257	    129.480636	0.0	      0.000000	99	485055	
091	 -0.145712	 15.979492	    129.667759	    129.667759	58926	    129.659566	    129.675946	0.0	      0.000000	100	206	
092	 -0.407330	19137.386075	    129.797474	    129.797474	36915	    129.789281	    129.805660	0.0	      0.000000	101	94274	
093	  0.003312	 65.681530	    130.097607	    130.097607	6551	    130.089414	    130.105794	0.0	      0.000000	103	354	
094	 -2.997023	 11.173103	    130.371773	    130.371773	33010	    130.363581	    130.379960	0.0	      0.000000	104	2392	
095	  0.006623	 72.224519	    130.748865	    130.748865	28469	    130.740672	    130.757052	0.0	      0.000000	106	1130	
096	  0.000000	406.066119	    131.047618	    131.047618	63178	    131.039426	    131.054643	0.0	      0.000000	107	5492	
097	  0.076167	 14.445117	    131.127861	    131.127861	24567	    131.119669	    131.136048	0.0	      0.000000	108	85224	
098	  0.000000	9958.124285	    131.247589	    131.247589	64741	    131.239396	    131.249955	0.0	      0.000000	108	85224	
099	  0.000000	 32.756627	    131.347606	    131.347606	32765	    131.339413	    131.355792	0.0	      0.000000	109	71964	
100	  0.000000	4063.550570	    131.442902	    131.442902	64741	    131.434709	    131.445268	0.0	      0.000000	109	71964	
101	  0.049674	 10.763529	    131.469664	    131.469664	8185	    131.461471	    131.477851	0.0	      0.000000	110	212381	
102	 -0.228502	75073.482486	    131.505731	    131.505731	20287	    131.497538	    131.513917	0.0	      0.000000	110	212381	
103	  0.158958	2497.597769	    131.580973	    131.580973	45534	    131.572780	    131.589159	0.0	      0.000000	110	212381	
104	  0.129153	 16.206259	    131.641427	    131.641427	283	    131.640583	    131.649613	0.0	      0.000000	111	6427585	
105	  0.447070	4205.285269	    131.681120	    131.681120	13602	    131.672928	    131.689307	0.0	      0.000000	111	6427585	
106	 -1.069656	 26.976265	    131.714213	    131.714213	24706	    131.706020	    131.722400	0.0	      0.000000	111	6427585	
107	  0.685507	212.597703	    131.735227	    131.735227	31757	    131.727034	    131.743413	0.0	      0.000000	111	6427585	
108	 -0.324539	289.833973	    131.768256	    131.768256	42840	    131.760064	    131.776443	0.0	      0.000000	111	6427585	
109	  0.758363	 28.895096	    131.789354	    131.789354	49919	    131.781161	    131.797540	0.0	      0.000000	111	6427585	
110	 -0.076167	61643.035718	    131.822363	    131.822363	60995	    131.814170	    131.830549	0.0	      0.000000	111	6427585	
111	 -1.503479	 88.836370	    131.879306	    131.879306	14566	    131.871113	    131.887493	0.0	      0.000000	112	5815727	
112	 -0.251684	269793.970655	    131.922668	    131.922668	29116	    131.914476	    131.930855	0.0	      0.000000	112	5815727	
113	  0.897451	1109.194769	    131.966087	    131.966087	43685	    131.957895	    131.974274	0.0	      0.000000	112	5815727	
114	 -0.076167	1765.742438	    132.017675	    132.017675	60995	    132.009482	    132.025862	0.0	      0.000000	112	5815727	
115	  0.029805	 15.424076	    132.409611	    132.409611	61435	    132.401419	    132.417798	0.0	      0.000000	114	4333	
116	  0.622586	36616.717385	    132.672241	    132.672241	18487	    132.664049	    132.680428	0.0	      0.000000	116	277339	
117	 -0.059609	2602.259130	    132.956186	    132.956186	48227	    132.947993	    132.964373	0.0	      0.000000	117	31162	
118	 -0.119219	50054.034540	    133.047774	    133.047774	13423	    133.039582	    133.055961	0.0	      0.000000	118	130753	
119	  0.000000	 36.769490	    133.433640	    133.433640	11826	    133.425447	    133.441827	0.0	      0.000000	120	97	
120	  0.033116	 14.123723	    133.605897	    133.605897	4090	    133.597705	    133.614084	0.0	      0.000000	121	8795	
121	 -0.384149	 92.374481	    133.697707	    133.697707	34896	    133.689514	    133.705893	0.0	      0.000000	121	8795	
122	 -0.016558	133.749257	    133.797520	    133.797520	2852	    133.789328	    133.805707	0.0	      0.000000	122	3864	
123	  0.000000	171.028587	    134.179637	    134.179637	65533	    134.171444	    134.179643	0.0	      0.000000	123	87	
124	  0.377526	5257.115736	    134.195399	    134.195399	5286	    134.187207	    134.203586	0.0	      0.000000	124	3746507	
125	  0.413953	18166.947794	    134.236717	    134.236717	19150	    134.228525	    134.244904	0.0	      0.000000	124	3746507	
126	 -3.520260	1154.497322	    134.246814	    134.246814	22538	    134.238622	    134.255001	0.0	      0.000000	124	3746507	
127	  1.645879	2730.899000	    134.269726	    134.269726	30226	    134.261534	    134.277913	0.0	      0.000000	124	3746507	
128	 -0.324539	8476.324034	    134.279814	    134.279814	33611	    134.271622	    134.288001	0.0	      0.000000	124	3746507	
129	  1.205432	4480.689378	    134.312823	    134.312823	44687	    134.304631	    134.321010	0.0	      0.000000	124	3746507	
130	  3.185785	1170.810114	    134.345830	    134.345830	55762	    134.337637	    134.354016	0.0	      0.000000	124	3746507	
131	 -0.526549	29739.307371	    134.355921	    134.355921	59148	    134.347728	    134.364107	0.0	      0.000000	124	3746507	
132	  3.944148	 26.183650	    134.382570	    134.382570	2554	    134.374958	    134.390757	0.0	      0.000000	125	119873	
133	 -2.715534	 20.270841	    134.395886	    134.395886	7022	    134.387693	    134.404072	0.0	      0.000000	125	119873	
134	  0.000000	 71.565908	    134.472606	    134.472606	32765	    134.464413	    134.480792	0.0	      0.000000	125	119873	
135	 -0.543107	2779.125144	    134.551236	    134.551236	59149	    134.543043	    134.559423	0.0	      0.000000	125	119873	
136	  0.394084	6750.756407	    134.847459	    134.847459	27473	    134.839267	    134.855646	0.0	      0.000000	127	33700	
137	  0.000000	 47.979305	    135.096559	    135.096559	45521	    135.088366	    135.104746	0.0	      0.000000	128	334	
138	 -0.006623	 69.391111	    135.104793	    135.104793	48284	    135.096601	    135.112980	0.0	      0.000000	128	334	
139	 -0.245060	65424.477206	    135.322827	    135.322827	55908	    135.314634	    135.331014	0.0	      0.000000	129	1391197	
140	 -0.218567	90339.145393	    135.331154	    135.331154	58702	    135.322961	    135.339341	0.0	      0.000000	129	1391197	
141	 -0.006623	142482.926434	    135.347235	    135.347235	64098	    135.339043	    135.351518	0.0	      0.000000	129	1391197	
142	 -0.009935	 11.237115	    135.485792	    135.485792	45054	    135.477600	    135.493979	0.0	      0.000000	130	72608	
143	 -0.152335	 10.157123	    135.526457	    135.526457	58699	    135.518265	    135.534644	0.0	      0.000000	130	72608	
144	 -0.006623	27212.507937	    135.542548	    135.542548	64098	    135.534355	    135.546830	0.0	      0.000000	130	72608	
145	 -0.066233	759.682896	    135.622636	    135.622636	25435	    135.614443	    135.630822	0.0	      0.000000	131	289338	
146	 -0.304670	85783.586762	    135.672599	    135.672599	42200	    135.664406	    135.680786	0.0	      0.000000	131	289338	
147	 -0.586158	7504.573421	    135.697615	    135.697615	50594	    135.689423	    135.705802	0.0	      0.000000	131	289338	
148	 -0.586158	350.134682	    136.152518	    136.152518	6626	    136.144325	    136.160705	0.0	      0.000000	134	13409	
149	 -0.427200	1781899.651100	    136.347768	    136.347768	6605	    136.339575	    136.355954	0.0	      0.000000	135	3260988	
150	  2.119441	1284.967688	    136.385870	    136.385870	19390	    136.377677	    136.394057	0.0	      0.000000	135	3260988	
151	 -1.271665	2933.541078	    136.426204	    136.426204	32924	    136.418012	    136.434391	0.0	      0.000000	135	3260988	
152	  1.129265	12360.257353	    136.464363	    136.464363	45728	    136.456171	    136.472550	0.0	      0.000000	135	3260988	
153	 -2.768520	113.289542	    136.504901	    136.504901	59330	    136.496708	    136.513087	0.0	      0.000000	135	3260988	
154	  0.135777	 15.157805	    136.648095	    136.648095	41842	    136.639902	    136.656281	0.0	      0.000000	136	261	
155	  0.000000	 10.780108	    136.865184	    136.865184	49149	    136.856991	    136.873370	0.0	      0.000000	137	45	
156	 -0.043051	 10.124132	    137.023154	    137.023154	36619	    137.014961	    137.031341	0.0	      0.000000	138	6706115	
157	 -2.516837	 50.363477	    137.074319	    137.074319	53787	    137.066126	    137.082505	0.0	      0.000000	138	6706115	
158	 -0.904074	128.029732	    137.130874	    137.130874	7228	    137.122682	    137.139061	0.0	      0.000000	139	14752	
159	 -0.026493	 11.003864	    137.243608	    137.243608	45055	    137.235415	    137.251794	0.0	      0.000000	139	14752	
160	  0.000000	 40.739741	    137.596539	    137.596539	32407	    137.588346	    137.604725	0.0	      0.000000	141	55	
161	 -0.033116	 10.067955	    137.646443	    137.646443	49152	    137.638250	    137.654629	0.0	      0.000000	141	55	
162	 -0.844465	 12.536240	    139.001617	    139.001617	45121	    138.993424	    139.009804	0.0	      0.000000	148	2416	
163	 -1.096149	 14.762357	    139.905822	    139.905822	20842	    139.897630	    139.914009	0.0	      0.000000	153	213	
164	  0.000000	568.613642	    140.097603	    140.097603	19657	    140.089411	    140.105790	0.0	      0.000000	154	5402	
165	  0.000000	 39.264738	    140.722603	    140.722603	32764	    140.714410	    140.730789	0.0	      0.000000	157	84	
166	  3.172539	 10.728155	    140.978175	    140.978175	52984	    140.969983	    140.986362	0.0	      0.000000	158	579	
167	  0.013247	 10.670715	    141.418400	    141.418400	4091	    141.410208	    141.426587	0.0	      0.000000	161	28	
168	  0.000000	 19.000548	    141.969320	    141.969320	57877	    141.961128	    141.977507	0.0	      0.000000	163	21	
169	  0.006623	 10.086767	    142.138615	    142.138615	49147	    142.130423	    142.146802	0.0	      0.000000	164	4	
170	  2.778455	 11.013099	    142.272219	    142.272219	28441	    142.264026	    142.280406	0.0	      0.000000	165	2079	
171	  0.000000	 11.760354	    142.596498	    142.596498	6179	    142.588306	    142.604685	0.0	      0.000000	167	4	
172	  0.009935	 10.199181	    142.944279	    142.944279	57339	    142.936087	    142.952466	0.0	      0.000000	168	2	
173	 -0.016558	 10.116735	    143.273875	    143.273875	36861	    143.265683	    143.282062	0.0	      0.000000	170	2	
174	  0.000000	 99.241345	    143.847603	    143.847603	32764	    143.839410	    143.855789	0.0	      0.000000	173	262	
175	  0.000000	104.731358	    144.095498	    144.095498	50408	    144.087306	    144.103685	0.0	      0.000000	174	316	
176	  0.033116	 10.792045	    144.885191	    144.885191	53241	    144.876999	    144.893378	0.0	      0.000000	178	850	
177	  0.003312	 10.921064	    145.385689	    145.385689	24572	    145.377496	    145.393875	0.0	      0.000000	181	2489	
178	  2.417488	 14.501483	    145.433927	    145.433927	40758	    145.425734	    145.442113	0.0	      0.000000	181	2489	
179	  0.953749	 16.704245	    145.722404	    145.722404	6483	    145.714212	    145.730591	0.0	      0.000000	183	3766515	
180	  2.897674	579775.020642	    145.746172	    145.746172	14458	    145.737979	    145.754358	0.0	      0.000000	183	3766515	
181	 -0.052986	148.606656	    145.847979	    145.847979	48619	    145.839787	    145.856166	0.0	      0.000000	183	3766515	
182	 -3.977264	 22.001680	    145.874673	    145.874673	57576	    145.866481	    145.882860	0.0	      0.000000	183	3766515	
183	 -3.742139	2166.821365	    145.969302	    145.969302	23792	    145.961109	    145.977488	0.0	      0.000000	184	7030578	
184	 -2.891051	 22.834030	    146.016386	    146.016386	39591	    146.008194	    146.024573	0.0	      0.000000	184	7030578	
185	  0.016558	 11.620504	    146.154726	    146.154726	20474	    146.146533	    146.162912	0.0	      0.000000	185	2416	
186	  1.907497	 12.706773	    146.850064	    146.850064	57183	    146.841872	    146.858251	0.0	      0.000000	188	2416	
187	  0.000000	269.960910	    146.972600	    146.972600	32763	    146.964407	    146.980786	0.0	      0.000000	189	3732	
188	 -0.738493	 11.438878	    147.009400	    147.009400	45111	    147.001207	    147.017586	0.0	      0.000000	189	3732	
189	 -0.102660	 11.070987	    147.888151	    147.888151	12291	    147.879958	    147.896338	0.0	      0.000000	194	1339	
190	 -0.043051	 11.670195	    148.205519	    148.205519	53246	    148.197326	    148.213705	0.0	      0.000000	195	1865	
191	 -0.003312	 11.512378	    148.447478	    148.447478	3362	    148.439285	    148.455665	0.0	      0.000000	197	4678	
192	  0.006623	342.162920	    148.590404	    148.590404	51320	    148.582211	    148.598591	0.0	      0.000000	197	4678	
193	  0.013247	 60.050814	    148.602280	    148.602280	55305	    148.594087	    148.610467	0.0	      0.000000	197	4678	
194	  0.006623	 19.728044	    148.618528	    148.618528	60757	    148.610336	    148.626715	0.0	      0.000000	197	4678	
195	  0.003312	 12.697106	    149.706975	    149.706975	32763	    149.698782	    149.715161	0.0	      0.000000	203	2413	
196	  0.023181	 11.269005	    149.926695	    149.926695	40953	    149.918503	    149.934882	0.0	      0.000000	204	2661	
197	 -3.742139	 10.778864	    149.952030	    149.952030	49454	    149.943838	    149.960217	0.0	      0.000000	204	2661	
198	  0.000000	2614.019760	    150.097600	    150.097600	32763	    150.089407	    150.105786	0.0	      0.000000	205	88408	
199	  0.000000	 25.518323	    150.125349	    150.125349	42074	    150.117156	    150.133535	0.0	      0.000000	205	88408	
200	  0.142400	 23.714702	    150.697553	    150.697553	37466	    150.689361	    150.705740	0.0	      0.000000	208	2416	
201	 -0.006623	 10.040304	    152.246040	    152.246040	32764	    152.237847	    152.254227	0.0	      0.000000	216	2	
202	 -0.235126	 11.021753	    152.758789	    152.758789	8206	    152.750596	    152.766976	0.0	      0.000000	219	2449	
203	 -0.043051	 10.758501	    152.783155	    152.783155	16382	    152.774963	    152.791342	0.0	      0.000000	219	2449	
204	 -0.003312	 43.588598	    153.117657	    153.117657	63086	    153.109464	    153.124955	0.0	      0.000000	220	149	
205	  0.000000	 12.164143	    153.222600	    153.222600	32763	    153.214407	    153.230786	0.0	      0.000000	221	185795	
206	  0.003312	165.216429	    153.272614	    153.272614	49545	    153.264421	    153.280801	0.0	      0.000000	221	185795	
207	  0.009935	 36.303443	    153.327274	    153.327274	2350	    153.320271	    153.335461	0.0	      0.000000	222	4269911	
208	  0.006623	11779.817433	    153.397474	    153.397474	25905	    153.389281	    153.405660	0.0	      0.000000	222	4269911	
209	  0.019870	750.175201	    153.522584	    153.522584	2349	    153.515583	    153.530771	0.0	      0.000000	223	144989	
210	 -0.016558	 10.935899	    154.125920	    154.125920	8187	    154.117727	    154.134107	0.0	      0.000000	226	79	
211	 -0.016558	 10.054961	    154.199162	    154.199162	32763	    154.190970	    154.207349	0.0	      0.000000	226	79	
212	  1.821395	 12.617893	    154.308575	    154.308575	3940	    154.300383	    154.316762	0.0	      0.000000	227	2416	
213	  0.003312	 10.492593	    154.937547	    154.937547	18380	    154.929355	    154.945734	0.0	      0.000000	230	3	
214	 -0.029805	 10.865637	    155.529732	    155.529732	20476	    155.521539	    155.537918	0.0	      0.000000	233	1263	
215	  0.000000	158.401529	    156.347597	    156.347597	32762	    156.339404	    156.355783	0.0	      0.000000	237	350	
216	  0.072856	 12.377724	    156.897488	    156.897488	20667	    156.889296	    156.905675	0.0	      0.000000	240	328	
217	 -0.092726	 10.441897	    157.446250	    157.446250	8193	    157.438058	    157.454437	0.0	      0.000000	243	90	
218	 -0.043051	 10.552459	    158.154246	    158.154246	49149	    158.146054	    158.162433	0.0	      0.000000	246	48	
219	 -0.102660	 10.127450	    158.727992	    158.727992	45058	    158.719799	    158.736178	0.0	      0.000000	249	371	
220	  0.000000	157.464397	    158.789003	    158.789003	65530	    158.780810	    158.789018	0.0	      0.000000	249	371	
221	  0.029805	 35.337448	    158.842868	    158.842868	18068	    158.834675	    158.851054	0.0	      0.000000	250	4194299	
222	 -0.059609	1134.284095	    158.860114	    158.860114	23855	    158.851922	    158.868301	0.0	      0.000000	250	4194299	
223	  0.423888	 31.168579	    158.877155	    158.877155	29573	    158.868963	    158.885342	0.0	      0.000000	250	4194299	
224	  0.000000	140.412903	    158.886659	    158.886659	32762	    158.878467	    158.894846	0.0	      0.000000	250	4194299	
225	 -0.099349	137.385129	    158.949232	    158.949232	53758	    158.941039	    158.957419	0.0	      0.000000	250	4194299	
226	  0.016558	293.951692	    158.961800	    158.961800	57975	    158.953607	    158.969986	0.0	      0.000000	250	4194299	
227	  0.109284	321.082367	    158.970809	    158.970809	60998	    158.962616	    158.978996	0.0	      0.000000	250	4194299	
228	  0.000000	 29.483262	    159.472597	    159.472597	32762	    159.464404	    159.480783	0.0	      0.000000	253	28	
229	 -0.029805	 10.762100	    159.582466	    159.582466	4092	    159.574273	    159.590653	0.0	      0.000000	254	35	
230	 -0.089414	 10.127588	    159.875450	    159.875450	36865	    159.867257	    159.883636	0.0	      0.000000	255	5	
231	  0.000000	 76.744498	    160.097596	    160.097596	45869	    160.089403	    160.105783	0.0	      0.000000	256	153	
232	 -0.009935	 25.916096	    160.123813	    160.123813	54666	    160.115621	    160.132000	0.0	      0.000000	256	153	
233	  0.337786	 20.888194	    160.185552	    160.185552	9846	    160.177359	    160.193738	0.0	      0.000000	257	20582	
234	 -0.006623	 11.767758	    160.473576	    160.473576	40955	    160.465384	    160.481763	0.0	      0.000000	258	2329	
235	 -0.049674	 12.707859	    160.852003	    160.852003	36862	    160.843810	    160.860190	0.0	      0.000000	260	6438	
236	 -0.033116	 65.103273	    160.872400	    160.872400	43706	    160.864207	    160.880587	0.0	      0.000000	260	6438	
237	 -0.006623	 53.674054	    160.922366	    160.922366	60472	    160.914174	    160.930553	0.0	      0.000000	260	6438	
238	  0.000000	 29.657212	    161.177388	    161.177388	14971	    161.169195	    161.185575	0.0	      0.000000	262	39	
239	 -0.003312	 13.081008	    161.232656	    161.232656	33516	    161.224464	    161.240843	0.0	      0.000000	262	39	
240	  0.003312	 10.231919	    161.315858	    161.315858	61434	    161.307666	    161.324045	0.0	      0.000000	262	39	
241	  0.013247	 10.389083	    161.511168	    161.511168	61433	    161.502975	    161.519355	0.0	      0.000000	263	5	
242	 -0.178828	 15.421789	    161.897495	    161.897495	59991	    161.889303	    161.905682	0.0	      0.000000	265	1024	
243	  0.043051	 10.288816	    161.987236	    161.987236	24567	    161.979044	    161.995423	0.0	      0.000000	266	2127	
244	  0.006623	225.931087	    162.096337	    162.096337	61175	    162.088144	    162.104523	0.0	      0.000000	266	2127	
245	  0.000000	145.745024	    162.106219	    162.106219	64491	    162.098026	    162.109330	0.0	      0.000000	266	2127	
246	  0.000000	 13.973278	    162.270758	    162.270758	54165	    162.262565	    162.278944	0.0	      0.000000	267	31	
247	  0.000000	 41.863671	    162.301531	    162.301531	64491	    162.293339	    162.304643	0.0	      0.000000	267	31	
248	  0.000000	 24.567376	    162.453952	    162.453952	50099	    162.445760	    162.462139	0.0	      0.000000	268	40	
249	  0.000000	 14.059908	    162.484485	    162.484485	60344	    162.476292	    162.492672	0.0	      0.000000	268	40	
250	  0.000000	 12.892828	    162.576082	    162.576082	25543	    162.567890	    162.584269	0.0	      0.000000	269	1708	
251	  0.003312	234.507444	    162.597594	    162.597594	32761	    162.589401	    162.605780	0.0	      0.000000	269	1708	
252	  0.003312	 24.013869	    162.608028	    162.608028	36262	    162.599835	    162.616214	0.0	      0.000000	269	1708	
253	  0.000000	 33.997328	    162.637147	    162.637147	46033	    162.628955	    162.645334	0.0	      0.000000	269	1708	
254	 -0.006623	 11.748528	    162.881407	    162.881407	62457	    162.873215	    162.889594	0.0	      0.000000	270	5	
255	  0.003312	 25.437134	    163.022488	    163.022488	44260	    163.014296	    163.030675	0.0	      0.000000	271	200	
256	  0.000000	 23.118340	    163.085881	    163.085881	65531	    163.077688	    163.085893	0.0	      0.000000	271	200	
257	  0.000000	2207.479616	    163.090581	    163.090581	1572	    163.085896	    163.098767	0.0	      0.000000	272	2788163	
258	  0.013247	150.767914	    163.147676	    163.147676	20730	    163.139483	    163.155863	0.0	      0.000000	272	2788163	
259	 -0.003312	 14.664028	    163.197401	    163.197401	37415	    163.189209	    163.205588	0.0	      0.000000	272	2788163	
260	 -0.033116	 11.146948	    163.256782	    163.256782	57340	    163.248590	    163.264969	0.0	      0.000000	272	2788163	
261	  0.000000	 56.637584	    163.280892	    163.280892	65430	    163.272700	    163.281205	0.0	      0.000000	272	2788163	
262	  0.000000	12214.810843	    163.285893	    163.285893	1572	    163.281208	    163.294080	0.0	      0.000000	273	4629261	
263	  0.000000	 10.245586	    163.307288	    163.307288	8751	    163.299096	    163.315475	0.0	      0.000000	273	4629261	
264	  0.000000	1022.067017	    163.322526	    163.322526	13864	    163.314334	    163.330713	0.0	      0.000000	273	4629261	
265	  0.003312	 77.938867	    163.360143	    163.360143	26486	    163.351950	    163.368329	0.0	      0.000000	273	4629261	
266	 -0.019870	 10.629662	    163.391057	    163.391057	36859	    163.382864	    163.399243	0.0	      0.000000	273	4629261	
267	  0.003312	131.298023	    163.410083	    163.410083	43243	    163.401890	    163.418269	0.0	      0.000000	273	4629261	
268	  0.000000	 16.706429	    163.429418	    163.429418	49731	    163.421226	    163.437605	0.0	      0.000000	273	4629261	
269	 -0.003312	 10.939465	    163.447651	    163.447651	55849	    163.439459	    163.455838	0.0	      0.000000	273	4629261	
270	  0.000000	 49.116204	    163.476205	    163.476205	65430	    163.468012	    163.476518	0.0	      0.000000	273	4629261	
271	 -0.006623	 16.379041	    163.485003	    163.485003	2846	    163.476810	    163.493189	0.0	      0.000000	274	19	
272	  0.000000	 34.205883	    163.682315	    163.682315	3517	    163.674122	    163.690501	0.0	      0.000000	275	25	
273	  0.000000	 11.346268	    163.948464	    163.948464	27286	    163.940272	    163.956651	0.0	      0.000000	276	209	
274	 -0.009935	 17.027171	    163.959366	    163.959366	30944	    163.951173	    163.967553	0.0	      0.000000	276	209	
275	  0.000000	 11.814987	    163.978997	    163.978997	37531	    163.970804	    163.987184	0.0	      0.000000	276	209	
276	  0.000000	 35.499715	    164.040062	    164.040062	58021	    164.031869	    164.048249	0.0	      0.000000	276	209	
277	  0.000000	 14.538511	    164.096707	    164.096707	11492	    164.088514	    164.104894	0.0	      0.000000	277	20	
278	 -0.003312	 11.911644	    164.157483	    164.157483	31885	    164.149290	    164.165670	0.0	      0.000000	277	20	
279	 -0.662325	 10.510380	    164.392188	    164.392188	45103	    164.383996	    164.400375	0.0	      0.000000	278	500	
280	  0.000000	 11.944106	    164.528576	    164.528576	25331	    164.520383	    164.536762	0.0	      0.000000	279	988	
281	  0.000000	 17.820429	    164.559108	    164.559108	35576	    164.550915	    164.567295	0.0	      0.000000	279	988	
282	  0.000000	 20.470880	    164.589641	    164.589641	45821	    164.581448	    164.597827	0.0	      0.000000	279	988	
283	  0.006623	 11.555274	    164.622819	    164.622819	56954	    164.614627	    164.631006	0.0	      0.000000	279	988	
284	  0.019870	 71.504887	    164.635274	    164.635274	61133	    164.627081	    164.643461	0.0	      0.000000	279	988	
285	 -0.523237	4614.388611	    164.686027	    164.686027	12627	    164.677835	    164.694214	0.0	      0.000000	280	7420286	
286	  1.556465	 45.647169	    164.733446	    164.733446	28538	    164.725253	    164.741632	0.0	      0.000000	280	7420286	
287	  0.000000	 31.602653	    164.746031	    164.746031	32761	    164.737839	    164.754218	0.0	      0.000000	280	7420286	
288	  0.000000	 22.698279	    164.772832	    164.772832	41754	    164.764640	    164.781019	0.0	      0.000000	280	7420286	
289	  0.000000	 61.547416	    164.903095	    164.903095	19927	    164.894903	    164.911282	0.0	      0.000000	281	70176	
290	  0.000000	1200.963951	    164.935094	    164.935094	30664	    164.926902	    164.943281	0.0	      0.000000	281	70176	
291	 -0.016558	 62.400665	    164.972511	    164.972511	43219	    164.964318	    164.980698	0.0	      0.000000	281	70176	
292	  0.000000	 15.543971	    164.997590	    164.997590	51634	    164.989397	    165.005776	0.0	      0.000000	281	70176	
293	  0.000000	 64.134313	    165.096313	    165.096313	19224	    165.088120	    165.104500	0.0	      0.000000	282	6365427	
294	 -0.003312	17778.950146	    165.118477	    165.118477	26661	    165.110284	    165.126663	0.0	      0.000000	282	6365427	
295	  0.000000	 12.002059	    165.200284	    165.200284	54111	    165.192092	    165.208471	0.0	      0.000000	282	6365427	
296	 -0.006623	6382.151284	    165.234315	    165.234315	65530	    165.226123	    165.234330	0.0	      0.000000	282	6365427	
297	  0.003312	 78.451837	    165.234333	    165.234333	0	    165.234333	    165.242520	0.0	      0.000000	283	7636726	
298	  0.029805	 65.315061	    165.234336	    165.234336	1	    165.234333	    165.242523	0.0	      0.000000	283	7636726	
299	  0.006623	493.101712	    165.246517	    165.246517	4088	    165.238324	    165.254703	0.0	      0.000000	283	7636726	
300	 -0.009935	191.663504	    165.258730	    165.258730	8186	    165.250537	    165.266916	0.0	      0.000000	283	7636726	
301	 -0.006623	114.439394	    165.270937	    165.270937	12282	    165.262744	    165.279123	0.0	      0.000000	283	7636726	
302	 -0.003312	 60.148469	    165.283141	    165.283141	16377	    165.274948	    165.291327	0.0	      0.000000	283	7636726	
303	 -0.006623	 64.729259	    165.295351	    165.295351	20474	    165.287158	    165.303537	0.0	      0.000000	283	7636726	
304	  0.006623	 54.410250	    165.307552	    165.307552	24568	    165.299359	    165.315738	0.0	      0.000000	283	7636726	
305	  0.009935	 45.110395	    165.319759	    165.319759	28664	    165.311566	    165.327945	0.0	      0.000000	283	7636726	
306	  0.000000	 36.340069	    165.331969	    165.331969	32761	    165.323776	    165.340155	0.0	      0.000000	283	7636726	
307	 -0.003312	 45.660134	    165.344176	    165.344176	36857	    165.335983	    165.352362	0.0	      0.000000	283	7636726	
308	  0.006623	 52.504615	    165.356380	    165.356380	40952	    165.348187	    165.364566	0.0	      0.000000	283	7636726	
309	  0.000000	 75.910794	    165.368590	    165.368590	45049	    165.360397	    165.376777	0.0	      0.000000	283	7636726	
310	  0.009935	104.982700	    165.380794	    165.380794	49144	    165.372601	    165.388981	0.0	      0.000000	283	7636726	
311	  0.009935	192.546057	    165.393001	    165.393001	53240	    165.384808	    165.401188	0.0	      0.000000	283	7636726	
312	  0.000000	474.996803	    165.405211	    165.405211	57337	    165.397018	    165.413398	0.0	      0.000000	283	7636726	
313	  0.000000	59603754.349550	    165.422574	    165.422574	63163	    165.414381	    165.429643	0.0	      0.000000	283	7636726	
314	  0.000000	 12.185921	    165.429646	    165.429646	0	    165.429646	    165.437833	0.0	      0.000000	284	6071840	
315	 -0.026493	124.158745	    165.441838	    165.441838	4091	    165.433645	    165.450025	0.0	      0.000000	284	6071840	
316	  0.009935	 62.808057	    165.454036	    165.454036	8184	    165.445843	    165.462223	0.0	      0.000000	284	6071840	
317	 -0.006623	 31.186032	    165.466249	    165.466249	12282	    165.458056	    165.474436	0.0	      0.000000	284	6071840	
318	  0.003312	 16.669770	    165.478453	    165.478453	16377	    165.470260	    165.486640	0.0	      0.000000	284	6071840	
319	 -0.016558	 17.267396	    165.490663	    165.490663	20474	    165.482470	    165.498850	0.0	      0.000000	284	6071840	
320	 -0.019870	 11.861398	    165.502873	    165.502873	24571	    165.494680	    165.511060	0.0	      0.000000	284	6071840	
321	 -0.043051	 18.330280	    165.515083	    165.515083	28668	    165.506890	    165.523270	0.0	      0.000000	284	6071840	
322	 -0.016558	 15.636581	    165.539491	    165.539491	36858	    165.531299	    165.547678	0.0	      0.000000	284	6071840	
323	 -0.006623	 15.850207	    165.551698	    165.551698	40954	    165.543506	    165.559885	0.0	      0.000000	284	6071840	
324	 -0.023181	 33.287732	    165.563908	    165.563908	45051	    165.555716	    165.572095	0.0	      0.000000	284	6071840	
325	 -0.016558	 38.024795	    165.585738	    165.585738	52376	    165.577546	    165.593925	0.0	      0.000000	284	6071840	
326	 -0.009935	111.816981	    165.600526	    165.600526	57338	    165.592334	    165.608713	0.0	      0.000000	284	6071840	
327	  0.000000	9239290.663831	    165.617886	    165.617886	63163	    165.609694	    165.624955	0.0	      0.000000	284	6071840	
328	  0.000000	24709.320815	    165.685096	    165.685096	20179	    165.676904	    165.693283	0.0	      0.000000	285	7472629	
329	  0.000000	 83.223051	    165.698484	    165.698484	24671	    165.690291	    165.706670	0.0	      0.000000	285	7472629	
330	  0.000000	 92.672203	    165.722784	    165.722784	32825	    165.714592	    165.730971	0.0	      0.000000	285	7472629	
331	  0.000000	2055.477580	    165.883645	    165.883645	21265	    165.875453	    165.891832	0.0	      0.000000	286	6737705	
332	  0.000000	239.276676	    165.908602	    165.908602	29639	    165.900409	    165.916789	0.0	      0.000000	286	6737705	
333	  0.000000	 28.553343	    166.096818	    166.096818	27258	    166.088626	    166.105005	0.0	      0.000000	287	1309	
334	  0.000000	 29.739267	    166.123876	    166.123876	36337	    166.115683	    166.132063	0.0	      0.000000	287	1309	
335	  0.000000	 89.393190	    166.163835	    166.163835	49745	    166.155642	    166.172022	0.0	      0.000000	287	1309	
336	  0.000000	 18.704930	    166.259718	    166.259718	16382	    166.251525	    166.267905	0.0	      0.000000	288	141	
337	 -0.016558	 48.209521	    166.460207	    166.460207	18119	    166.452014	    166.468394	0.0	      0.000000	289	17717	
338	 -0.301358	 12.865633	    166.536272	    166.536272	43642	    166.528079	    166.544458	0.0	      0.000000	289	17717	
339	  0.000000	1744.748713	    166.723338	    166.723338	40875	    166.715145	    166.731525	0.0	      0.000000	290	4908510	
340	 -0.006623	 32.542931	    166.766149	    166.766149	55240	    166.757956	    166.774336	0.0	      0.000000	290	4908510	
341	 -0.013247	 10.864038	    166.906679	    166.906679	36858	    166.898486	    166.914865	0.0	      0.000000	291	463	
342	  0.006623	 10.327211	    167.138606	    167.138606	49144	    167.130414	    167.146793	0.0	      0.000000	292	307766	
343	 -0.129153	262.754458	    167.160544	    167.160544	56505	    167.152351	    167.168731	0.0	      0.000000	292	307766	
344	  0.000000	 25.820989	    167.344660	    167.344660	52748	    167.336467	    167.352846	0.0	      0.000000	293	20	
345	 -0.006623	101.308076	    167.596296	    167.596296	6111	    167.588103	    167.604482	0.0	      0.000000	295	1440	
346	  0.000000	 35.525454	    167.608348	    167.608348	10155	    167.600155	    167.616534	0.0	      0.000000	295	1440	
347	 -0.453693	 15.077781	    167.897454	    167.897454	41627	    167.889261	    167.905641	0.0	      0.000000	296	2602	
348	  0.036428	 10.125695	    167.956471	    167.956471	61430	    167.948279	    167.964658	0.0	      0.000000	296	2602	
349	  0.304670	 13.986999	    167.972034	    167.972034	1116	    167.968708	    167.980221	0.0	      0.000000	297	102	
350	 -0.016558	 12.495146	    168.100262	    168.100262	44142	    168.092069	    168.108448	0.0	      0.000000	297	102	
351	 -0.069544	203.146012	    168.172690	    168.172690	2909	    168.164498	    168.180877	0.0	      0.000000	298	30447	
352	 -0.062921	 12.174105	    168.188429	    168.188429	8190	    168.180236	    168.196616	0.0	      0.000000	298	30447	
353	  0.000000	 25.385542	    168.565440	    168.565440	3622	    168.557248	    168.573627	0.0	      0.000000	300	2423	
354	  0.023181	 11.900513	    168.737724	    168.737724	61431	    168.729532	    168.745911	0.0	      0.000000	300	2423	
355	  0.000000	 89.712788	    168.847594	    168.847594	32761	    168.839401	    168.855780	0.0	      0.000000	301	189	
356	 -0.033116	 12.191977	    169.030768	    169.030768	28688	    169.022575	    169.038954	0.0	      0.000000	302	12	
357	  0.039740	 10.409676	    169.836354	    169.836354	36854	    169.828162	    169.844541	0.0	      0.000000	306	12	
358	  0.006623	821.261150	    170.097590	    170.097590	58974	    170.089397	    170.105776	0.0	      0.000000	307	58117	
359	  0.023181	 11.563067	    171.337819	    171.337819	16374	    171.329626	    171.346006	0.0	      0.000000	314	2146	
360	 -0.006623	 17.701250	    171.927115	    171.927115	17501	    171.918923	    171.935302	0.0	      0.000000	317	76	
361	  0.000000	 41.065061	    171.972591	    171.972591	32760	    171.964398	    171.980777	0.0	      0.000000	317	76	
362	 -0.003312	 10.738120	    172.546321	    172.546321	28664	    172.538129	    172.554508	0.0	      0.000000	320	306	
363	  0.000000	 73.938467	    172.596252	    172.596252	45418	    172.588059	    172.604439	0.0	      0.000000	320	306	
364	  0.000000	 10.459013	    172.608665	    172.608665	49583	    172.600472	    172.616851	0.0	      0.000000	320	306	
365	  0.026493	 23.905049	    172.935015	    172.935015	28016	    172.926822	    172.943202	0.0	      0.000000	322	13704	
366	  0.000000	 20.344618	    173.448563	    173.448563	3726	    173.440370	    173.456749	0.0	      0.000000	325	6	
367	 -0.013247	 10.971551	    173.901305	    173.901305	24569	    173.893112	    173.909491	0.0	      0.000000	327	337	
368	 -3.377860	 10.741267	    174.085230	    174.085230	20748	    174.077037	    174.093416	0.0	      0.000000	328	928	
369	  0.000000	 56.737281	    175.097591	    175.097591	32760	    175.089398	    175.105777	0.0	      0.000000	333	980	
370	  0.082791	 11.759923	    175.341713	    175.341713	49138	    175.333521	    175.349900	0.0	      0.000000	334	2409	
371	 -0.334474	 10.224012	    175.593761	    175.593761	2639	    175.585896	    175.601947	0.0	      0.000000	336	47	
372	 -0.006623	 21.985255	    175.694758	    175.694758	36528	    175.686565	    175.702944	0.0	      0.000000	336	47	
373	  2.132688	 12.156829	    175.853905	    175.853905	24393	    175.845712	    175.862092	0.0	      0.000000	337	2416	
374	  0.000000	 16.469090	    176.095018	    176.095018	39761	    176.086825	    176.103205	0.0	      0.000000	338	4	
375	  0.026493	 13.934295	    176.489186	    176.489186	40950	    176.480994	    176.497373	0.0	      0.000000	340	2416	
376	 -0.009935	 12.222466	    176.684508	    176.684508	40953	    176.676315	    176.692694	0.0	      0.000000	341	2416	
377	 -0.430512	 10.226258	    177.360138	    177.360138	5513	    177.351946	    177.368325	0.0	      0.000000	345	1	
378	 -0.006623	 10.635022	    178.857356	    178.857356	49144	    178.849164	    178.865543	0.0	      0.000000	352	26	
379	  0.043051	 12.009405	    179.052657	    179.052657	49140	    179.044464	    179.060844	0.0	      0.000000	353	2415	
380	 -0.003312	 10.030637	    179.125908	    179.125908	8183	    179.117715	    179.134095	0.0	      0.000000	354	1	
381	 -0.009935	 18.316937	    179.955989	    179.955989	24568	    179.947797	    179.964176	0.0	      0.000000	358	7248	
382	  0.000000	946.458313	    180.097589	    180.097589	6545	    180.089396	    180.105776	0.0	      0.000000	359	75040	
383	 -0.029805	 11.226210	    180.139098	    180.139098	20473	    180.130905	    180.147284	0.0	      0.000000	359	75040	
384	  0.006623	 10.568400	    180.248952	    180.248952	57334	    180.240759	    180.257139	0.0	      0.000000	359	75040	
385	  0.000000	 58.801537	    181.347588	    181.347588	32759	    181.339395	    181.355774	0.0	      0.000000	365	191	
386	  0.000000	 11.148673	    182.596171	    182.596171	58498	    182.587978	    182.604358	0.0	      0.000000	371	2	
387	  0.019870	 42.216500	    185.713589	    185.713589	55954	    185.705397	    185.721776	0.0	      0.000000	387	57	
388	  0.003312	105.898304	    187.597585	    187.597585	32758	    187.589392	    187.605771	0.0	      0.000000	397	279	
389	  0.003312	 22.539226	    187.609622	    187.609622	36797	    187.601429	    187.617809	0.0	      0.000000	397	279	
390	  0.006623	 11.199158	    189.099139	    189.099139	12308	    189.090946	    189.107326	0.0	      0.000000	405	6	
391	  0.000000	 14.867343	    189.108548	    189.108548	15465	    189.100355	    189.116734	0.0	      0.000000	405	6	
392	  0.000000	1129.272146	    190.097585	    190.097585	19651	    190.089393	    190.105772	0.0	      0.000000	410	29871	
