# -------------------------- o --------------------------
# File ID: TIC396562848.bary.0000.h5 
# -------------------------- o --------------------------
# Source:TIC2848
# MJD: 59402.414357201706	RA: 0h11m49.42s	DEC: 76d33m05.06s
# DELTAT:   0.671089	DELTAF(Hz):   2.980232	max_drift_rate:   4.000000	obs_length: 899.929866
# --------------------------
# Top_Hit_# 	Drift_Rate 	SNR 	Uncorrected_Frequency 	Corrected_Frequency 	Index 	freq_start 	freq_end 	SEFD 	SEFD_freq 	Coarse_Channel_Number 	Full_number_of_hits 	
# --------------------------
000001	  0.002169	2192.454346	    110.093891	    110.093891	45873	    110.082900	    110.104880	0.0	      0.000000	0	148723	
000002	  0.002169	 45.727364	    112.092712	    112.092712	61206	    112.081721	    112.103700	0.0	      0.000000	10	128	
000003	 -0.935039	 10.551310	    112.293362	    112.293362	62997	    112.282371	    112.300926	0.0	      0.000000	11	125	
000004	 -0.002169	 13.635223	    112.593809	    112.593809	32738	    112.582817	    112.604797	0.0	      0.000000	13	2	
000005	  0.002169	 58.204456	    114.693135	    114.693135	16259	    114.682144	    114.704123	0.0	      0.000000	24	3623	
000006	  0.002169	 13.931215	    115.718701	    115.718701	32702	    115.707710	    115.729689	0.0	      0.000000	29	2	
000007	  0.002169	417586.031250	    118.468550	    118.468550	37894	    118.457559	    118.479538	0.0	      0.000000	43	3694981	
000008	 -0.021695	 17.573198	    118.543640	    118.543640	63090	    118.532649	    118.550926	0.0	      0.000000	43	3694981	
000009	  0.193082	868.405029	    118.568486	    118.568486	5891	    118.557495	    118.579474	0.0	      0.000000	44	112538	
000010	  0.004339	3263.072754	    118.693191	    118.693191	47735	    118.682200	    118.704179	0.0	      0.000000	44	112538	
000011	 -0.002169	 10.441788	    118.843594	    118.843594	32666	    118.832603	    118.854582	0.0	      0.000000	45	2	
000012	 -1.082562	321.477234	    118.948966	    118.948966	2487	    118.941554	    118.959954	0.0	      0.000000	46	109035	
000013	  0.008678	914.013062	    118.968665	    118.968665	9097	    118.957674	    118.979654	0.0	      0.000000	46	109035	
000014	 -1.082562	4586.237305	    119.144273	    119.144273	2485	    119.136867	    119.155261	0.0	      0.000000	47	380781	
000015	  0.321081	521.683411	    119.643333	    119.643333	38870	    119.632342	    119.654321	0.0	      0.000000	49	22115	
000016	  0.006508	 19.350983	    120.093551	    120.093551	58866	    120.082560	    120.104539	0.0	      0.000000	51	23	
000017	 -0.078101	2523.721191	    120.518213	    120.518213	4751	    120.507222	    120.529201	0.0	      0.000000	54	113183	
000018	  0.062914	3891.164795	    120.743704	    120.743704	14877	    120.732713	    120.754692	0.0	      0.000000	55	62748	
000019	  0.945886	 71.585983	    121.026218	    121.026218	44137	    121.015227	    121.037206	0.0	      0.000000	56	11975	
000020	  0.010847	3139.698486	    121.768492	    121.768492	31059	    121.757501	    121.779480	0.0	      0.000000	60	441395	
000021	  0.002169	 97.634209	    121.993488	    121.993488	41019	    121.982497	    122.004476	0.0	      0.000000	61	2438	
000022	  0.002169	 76.461662	    122.959453	    122.959453	37463	    122.948462	    122.970441	0.0	      0.000000	66	6049	
000023	  0.002169	 81.079597	    122.977453	    122.977453	43503	    122.966462	    122.988441	0.0	      0.000000	66	6049	
000024	 -0.566230	 52.298386	    123.618707	    123.618707	62064	    123.607716	    123.629051	0.0	      0.000000	69	6418	
000025	  0.002169	 25.030960	    123.893398	    123.893398	23163	    123.882407	    123.904386	0.0	      0.000000	71	20	
000026	  0.004339	12307.972656	    124.067950	    124.067950	16197	    124.056959	    124.078938	0.0	      0.000000	72	117134	
000027	 -0.227794	118.731613	    124.193442	    124.193442	58305	    124.182451	    124.204430	0.0	      0.000000	72	117134	
000028	 -0.010847	117.552391	    124.243533	    124.243533	9577	    124.232542	    124.254522	0.0	      0.000000	73	749560	
000029	 -0.071592	2245.821777	    124.268028	    124.268028	17796	    124.257037	    124.279016	0.0	      0.000000	73	749560	
000030	  0.010847	9669.069336	    124.293437	    124.293437	26322	    124.282446	    124.304426	0.0	      0.000000	73	749560	
000031	 -0.182235	 43.466164	    124.410301	    124.410301	65535	    124.399310	    124.410301	0.0	      0.000000	73	749560	
000032	  2.084855	6146.455566	    124.410707	    124.410707	135	    124.410304	    124.421695	0.0	      0.000000	74	8804913	
000033	 -1.815841	13080.214844	    124.437269	    124.437269	9048	    124.426278	    124.448258	0.0	      0.000000	74	8804913	
000034	  3.774867	838.623901	    124.466714	    124.466714	18928	    124.455723	    124.477702	0.0	      0.000000	74	8804913	
000035	 -1.017478	128684.054688	    124.493819	    124.493819	28023	    124.482828	    124.504807	0.0	      0.000000	74	8804913	
000036	 -2.139091	537.826904	    124.518695	    124.518695	36370	    124.507704	    124.529683	0.0	      0.000000	74	8804913	
000037	  1.247442	27354.591797	    124.549484	    124.549484	46701	    124.538493	    124.560472	0.0	      0.000000	74	8804913	
000038	 -3.373516	1557.030640	    124.576485	    124.576485	55761	    124.565494	    124.587473	0.0	      0.000000	74	8804913	
000039	 -2.182480	106.636772	    124.599948	    124.599948	63634	    124.588957	    124.605614	0.0	      0.000000	74	8804913	
000040	 -0.119321	17397.029297	    124.643525	    124.643525	12720	    124.632534	    124.654513	0.0	      0.000000	75	2137428	
000041	 -0.047728	495603.343750	    124.768001	    124.768001	54487	    124.757010	    124.778989	0.0	      0.000000	75	2137428	
000042	 -1.787638	 17.720901	    124.868542	    124.868542	22687	    124.857551	    124.879530	0.0	      0.000000	76	6276	
000043	  1.781130	1327.926392	    125.067669	    125.067669	23967	    125.056678	    125.078657	0.0	      0.000000	77	407497	
000044	  0.091117	102834.148438	    125.143078	    125.143078	49270	    125.132087	    125.154066	0.0	      0.000000	77	407497	
000045	  0.006508	 11.959215	    125.435737	    125.435737	16398	    125.424746	    125.446725	0.0	      0.000000	79	10	
000046	 -0.021695	11122.753906	    125.617856	    125.617856	11971	    125.606865	    125.628844	0.0	      0.000000	80	189680	
000047	  0.073762	5614.165527	    125.943395	    125.943395	55668	    125.932404	    125.954383	0.0	      0.000000	81	51301	
000048	 -0.073762	 26.841190	    125.972310	    125.972310	65370	    125.961318	    125.972801	0.0	      0.000000	81	51301	
000049	  1.562014	50303.121094	    126.044565	    126.044565	24079	    126.033574	    126.055553	0.0	      0.000000	82	11184681	
000050	  0.149693	245.947662	    126.069820	    126.069820	32553	    126.058829	    126.080808	0.0	      0.000000	82	11184681	
000051	 -0.234302	256995.312500	    126.143288	    126.143288	57205	    126.132297	    126.154277	0.0	      0.000000	82	11184681	
000052	  0.314572	298.850189	    126.718199	    126.718199	53505	    126.707208	    126.729187	0.0	      0.000000	85	28896	
000053	 -0.019525	107.767914	    126.876768	    126.876768	41176	    126.865777	    126.887756	0.0	      0.000000	86	14466	
000054	  0.002169	 10.478074	    127.293390	    127.293390	49899	    127.282399	    127.304378	0.0	      0.000000	88	2	
000055	  0.169218	 37.309265	    127.343377	    127.343377	1136	    127.339992	    127.354365	0.0	      0.000000	89	1126	
000056	 -0.019525	10916.265625	    127.668178	    127.668178	44585	    127.657187	    127.679166	0.0	      0.000000	90	93823	
000057	 -0.032542	73695.851562	    127.843308	    127.843308	37813	    127.832317	    127.854296	0.0	      0.000000	91	576006	
000058	 -0.097626	11501.553711	    127.960044	    127.960044	11447	    127.949053	    127.971032	0.0	      0.000000	92	172764	
000059	  0.002169	449.817749	    128.093278	    128.093278	56153	    128.082287	    128.104266	0.0	      0.000000	92	172764	
000060	  0.045559	2027.183472	    128.127110	    128.127110	1969	    128.121242	    128.138098	0.0	      0.000000	93	7671849	
000061	 -0.145354	123725.992188	    128.143155	    128.143155	7353	    128.132164	    128.154144	0.0	      0.000000	93	7671849	
000062	  0.941547	9092.842773	    128.158483	    128.158483	12496	    128.147492	    128.169471	0.0	      0.000000	93	7671849	
000063	  2.208514	3758.909668	    128.173759	    128.173759	17622	    128.162768	    128.184748	0.0	      0.000000	93	7671849	
000064	  2.175972	1262.216431	    128.189695	    128.189695	22969	    128.178704	    128.200683	0.0	      0.000000	93	7671849	
000065	 -2.514408	1924.909546	    128.202176	    128.202176	27157	    128.191185	    128.213164	0.0	      0.000000	93	7671849	
000066	 -1.052190	4100.761719	    128.217354	    128.217354	32250	    128.206363	    128.228342	0.0	      0.000000	93	7671849	
000067	 -0.839582	32363.439453	    128.233164	    128.233164	37555	    128.222173	    128.244152	0.0	      0.000000	93	7671849	
000068	  0.295047	88845.726562	    128.248507	    128.248507	42703	    128.237516	    128.259495	0.0	      0.000000	93	7671849	
000069	  0.676873	19588.833984	    128.264227	    128.264227	47978	    128.253236	    128.275215	0.0	      0.000000	93	7671849	
000070	 -1.941670	2697.725586	    128.307500	    128.307500	62498	    128.296509	    128.316551	0.0	      0.000000	93	7671849	
000071	  0.002169	217.871857	    128.718272	    128.718272	3722	    128.707281	    128.729260	0.0	      0.000000	96	43988	
000072	  0.017356	 18.519758	    129.368234	    129.368234	25205	    129.357242	    129.379222	0.0	      0.000000	99	48	
000073	  0.004339	368.428497	    129.568183	    129.568183	26761	    129.557192	    129.579171	0.0	      0.000000	100	52573	
000074	  0.002169	 23.386497	    130.093211	    130.093211	6323	    130.082220	    130.104199	0.0	      0.000000	103	25809	
000075	 -0.034711	129.471939	    130.193156	    130.193156	39859	    130.182165	    130.204144	0.0	      0.000000	103	25809	
000076	  0.026034	 57.275658	    130.472433	    130.472433	2497	    130.464992	    130.483422	0.0	      0.000000	105	1501	
000077	  0.058576	1447.507324	    130.667734	    130.667734	2493	    130.660304	    130.678722	0.0	      0.000000	106	205096	
000078	  0.249488	346.709320	    130.692953	    130.692953	10955	    130.681962	    130.703941	0.0	      0.000000	106	205096	
000079	  0.006508	2143.282471	    130.718046	    130.718046	19375	    130.707055	    130.729034	0.0	      0.000000	106	205096	
000080	  0.420876	 18.921740	    130.742463	    130.742463	27568	    130.731472	    130.753451	0.0	      0.000000	106	205096	
000081	  0.251658	258.643402	    130.767795	    130.767795	36068	    130.756804	    130.778783	0.0	      0.000000	106	205096	
000082	  0.440401	2910.061523	    131.217933	    131.217933	56037	    131.206941	    131.228921	0.0	      0.000000	108	188984	
000083	  0.010847	115225.445312	    131.368097	    131.368097	40888	    131.357106	    131.379086	0.0	      0.000000	109	536632	
000084	  0.765821	1349.801636	    131.674921	    131.674921	12769	    131.663930	    131.685909	0.0	      0.000000	111	2407638	
000085	 -2.672779	 53.877178	    131.715211	    131.715211	26288	    131.704220	    131.726199	0.0	      0.000000	111	2407638	
000086	 -1.080393	221.785614	    131.766698	    131.766698	43564	    131.755706	    131.777686	0.0	      0.000000	111	2407638	
000087	 -0.069423	4027.857666	    131.817770	    131.817770	60701	    131.806779	    131.828758	0.0	      0.000000	111	2407638	
000088	 -0.108473	1459.790161	    131.917566	    131.917566	28651	    131.906575	    131.928554	0.0	      0.000000	112	203733	
000089	 -3.247687	 43.186985	    132.015052	    132.015052	61362	    132.004061	    132.026040	0.0	      0.000000	112	203733	
000090	  0.006508	 16.736544	    132.092130	    132.092130	21689	    132.081139	    132.103118	0.0	      0.000000	113	7	
000091	 -0.158371	443.414124	    132.542997	    132.542997	41903	    132.532006	    132.553986	0.0	      0.000000	115	26968	
000092	  0.002169	1990.125732	    132.859632	    132.859632	17076	    132.848641	    132.870620	0.0	      0.000000	117	115868	
000093	 -0.169218	629.274170	    133.126053	    133.126053	40936	    133.115062	    133.137041	0.0	      0.000000	118	37289	
000094	  0.199591	25940.556641	    133.242959	    133.242959	14627	    133.231968	    133.253947	0.0	      0.000000	119	225075	
000095	  0.427384	5760.192383	    133.351406	    133.351406	51016	    133.340415	    133.362394	0.0	      0.000000	119	225075	
000096	  0.006508	 12.458265	    133.421451	    133.421451	8983	    133.410460	    133.432439	0.0	      0.000000	120	4	
000097	  0.010847	 11.680831	    133.893078	    133.893078	36163	    133.882087	    133.904067	0.0	      0.000000	122	1	
000098	 -0.084609	150.037781	    134.143230	    134.143230	54564	    134.132239	    134.154218	0.0	      0.000000	123	32247	
000099	 -0.032542	 13.934854	    134.317916	    134.317916	47643	    134.306925	    134.328905	0.0	      0.000000	124	772	
000100	 -0.060745	20443.187500	    134.443345	    134.443345	24194	    134.432354	    134.454334	0.0	      0.000000	125	313631	
000101	 -0.002169	 11.616138	    134.468061	    134.468061	32487	    134.457069	    134.479049	0.0	      0.000000	125	313631	
000102	  0.520671	12945.482422	    134.573045	    134.573045	2178	    134.566554	    134.584033	0.0	      0.000000	126	44319	
000103	 -0.522841	227311.734375	    134.768438	    134.768438	2205	    134.761867	    134.779426	0.0	      0.000000	127	882237	
000104	  0.036881	3838.009277	    134.793079	    134.793079	10473	    134.782088	    134.804067	0.0	      0.000000	127	882237	
000105	 -0.099795	4519.403320	    135.068083	    135.068083	37213	    135.057092	    135.079071	0.0	      0.000000	128	200568	
000106	  0.002169	 15.748798	    135.107934	    135.107934	50585	    135.096943	    135.118922	0.0	      0.000000	128	200568	
000107	 -0.475113	 19.536846	    135.193342	    135.193342	13707	    135.182351	    135.204330	0.0	      0.000000	129	53589	
000108	  0.006508	 39.047070	    135.266176	    135.266176	38146	    135.255185	    135.277164	0.0	      0.000000	129	53589	
000109	 -3.581784	 17.261433	    135.299566	    135.299566	49350	    135.288575	    135.310554	0.0	      0.000000	129	53589	
000110	 -0.104134	26843.000000	    135.659984	    135.659984	39214	    135.648992	    135.670972	0.0	      0.000000	131	210539	
000111	  0.058576	65027.488281	    135.892668	    135.892668	51754	    135.881677	    135.903656	0.0	      0.000000	132	205918	
000112	  0.049898	311.626312	    136.076280	    136.076280	47828	    136.065289	    136.087268	0.0	      0.000000	133	28258	
000113	  0.236472	1607.329224	    136.368048	    136.368048	14657	    136.357057	    136.379036	0.0	      0.000000	135	41624	
000114	 -0.249488	196429.296875	    136.576319	    136.576319	19005	    136.565327	    136.587307	0.0	      0.000000	136	1314806	
000115	 -0.438232	45120.300781	    136.643210	    136.643210	41450	    136.632219	    136.654198	0.0	      0.000000	136	1314806	
000116	 -3.972288	100.280785	    136.790463	    136.790463	25324	    136.779472	    136.801451	0.0	      0.000000	137	7625041	
000117	 -0.236472	 12.644206	    136.818737	    136.818737	34811	    136.807746	    136.829725	0.0	      0.000000	137	7625041	
000118	  0.683381	 27.081867	    136.869010	    136.869010	51680	    136.858019	    136.879998	0.0	      0.000000	137	7625041	
000119	  3.972288	 36.588619	    136.919239	    136.919239	2998	    136.910304	    136.930227	0.0	      0.000000	138	3002636	
000120	  3.744494	 18.306770	    137.067967	    137.067967	52903	    137.056976	    137.078956	0.0	      0.000000	138	3002636	
000121	 -3.820426	 66.510696	    137.506005	    137.506005	3276	    137.496242	    137.516993	0.0	      0.000000	141	6481686	
000122	 -3.627343	 38.657742	    137.532505	    137.532505	12168	    137.521514	    137.543493	0.0	      0.000000	141	6481686	
000123	  0.002169	 13.440317	    137.590661	    137.590661	31682	    137.579670	    137.601650	0.0	      0.000000	141	6481686	
000124	  0.002169	 10.142173	    137.723630	    137.723630	10763	    137.712639	    137.734619	0.0	      0.000000	142	1	
000125	  0.002169	 26.424292	    138.099703	    138.099703	5880	    138.088712	    138.110691	0.0	      0.000000	144	104	
000126	  0.002169	 10.769300	    138.423955	    138.423955	49145	    138.412964	    138.434943	0.0	      0.000000	145	1	
000127	  0.006508	 13.217752	    138.701716	    138.701716	11274	    138.690725	    138.712704	0.0	      0.000000	147	6	
000128	  0.002169	 22.506142	    138.952434	    138.952434	29865	    138.941443	    138.963422	0.0	      0.000000	148	23	
000129	 -0.557552	 13.623275	    139.209333	    139.209333	50530	    139.198342	    139.220321	0.0	      0.000000	149	1533	
000130	  0.002169	121.377678	    139.683881	    139.683881	13154	    139.672890	    139.694869	0.0	      0.000000	152	9970	
000131	  0.002169	131.136322	    139.701882	    139.701882	19194	    139.690891	    139.712870	0.0	      0.000000	152	9970	
000132	  0.006508	 89.791779	    140.090534	    140.090534	18532	    140.079543	    140.101522	0.0	      0.000000	154	2540	
000133	  0.017356	 10.619476	    140.108305	    140.108305	24495	    140.097314	    140.119293	0.0	      0.000000	154	2540	
000134	  0.010847	 91.545250	    140.181392	    140.181392	49019	    140.170401	    140.192380	0.0	      0.000000	154	2540	
000135	  0.004339	 24.434973	    140.443501	    140.443501	5896	    140.432510	    140.454489	0.0	      0.000000	156	26	
000136	  0.006508	 23.523550	    141.410038	    141.410038	2532	    141.402492	    141.421026	0.0	      0.000000	161	40	
000137	  0.002169	 21.412754	    142.638841	    142.638841	21634	    142.627850	    142.649829	0.0	      0.000000	167	91	
000138	  0.002169	 34.171364	    142.701122	    142.701122	42532	    142.690131	    142.712110	0.0	      0.000000	167	91	
000139	 -0.344945	363.234711	    143.993372	    143.993372	17387	    143.982380	    144.004360	0.0	      0.000000	174	36693	
000140	  0.002169	 28.470776	    144.091630	    144.091630	50357	    144.080639	    144.102618	0.0	      0.000000	174	36693	
000141	  0.002169	2537.091309	    144.498741	    144.498741	55889	    144.487750	    144.509730	0.0	      0.000000	176	276181	
000142	  0.002169	 10.031933	    144.572711	    144.572711	15173	    144.561720	    144.583699	0.0	      0.000000	177	1	
000143	  0.010847	 54.108421	    144.892409	    144.892409	56910	    144.881418	    144.903397	0.0	      0.000000	178	27009	
000144	  0.015186	 61.199265	    145.681172	    145.681172	59431	    145.670181	    145.692161	0.0	      0.000000	182	6932257	
000145	  0.158371	 41.300995	    145.792800	    145.792800	31351	    145.781809	    145.803788	0.0	      0.000000	183	238793	
000146	 -0.058576	393.326324	    145.894024	    145.894024	65316	    145.883033	    145.894676	0.0	      0.000000	183	238793	
000147	  0.212607	 20.605240	    145.957970	    145.957970	21237	    145.946979	    145.968959	0.0	      0.000000	184	10542878	
000148	  0.835244	 92.544945	    146.004242	    146.004242	36763	    145.993250	    146.015230	0.0	      0.000000	184	10542878	
000149	 -2.173803	15861.445312	    146.033624	    146.033624	46622	    146.022633	    146.044612	0.0	      0.000000	184	10542878	
000150	  3.291076	819.827209	    146.059513	    146.059513	55309	    146.048522	    146.070501	0.0	      0.000000	184	10542878	
000151	 -1.674826	 31.652363	    146.089697	    146.089697	65437	    146.078706	    146.089989	0.0	      0.000000	184	10542878	
000152	 -2.082685	131.856583	    146.492731	    146.492731	4065	    146.481740	    146.503720	0.0	      0.000000	187	13358	
000153	  0.002169	 29.528296	    146.967634	    146.967634	32344	    146.956643	    146.978622	0.0	      0.000000	189	24	
000154	  0.466435	2657.530273	    147.992712	    147.992712	48623	    147.981721	    148.003700	0.0	      0.000000	194	61432	
000155	  0.013017	 10.836314	    148.442668	    148.442668	2995	    148.433742	    148.453656	0.0	      0.000000	197	851678	
000156	  0.010847	237.796722	    148.608643	    148.608643	58687	    148.597652	    148.619631	0.0	      0.000000	197	851678	
000157	 -0.013017	189.309586	    149.108255	    149.108255	29721	    149.097264	    149.119243	0.0	      0.000000	200	416356	
000158	  0.002169	 10.599850	    149.476167	    149.476167	22100	    149.465176	    149.487155	0.0	      0.000000	202	3	
000159	  0.002169	430.805878	    150.092527	    150.092527	32308	    150.081536	    150.103515	0.0	      0.000000	205	7731	
000160	  1.325542	 10.570040	    150.362745	    150.362745	57442	    150.351754	    150.373733	0.0	      0.000000	206	2	
000161	 -2.785591	258.822449	    150.536245	    150.536245	50123	    150.525254	    150.547233	0.0	      0.000000	207	711997	
000162	  0.099795	164.543976	    150.743303	    150.743303	54064	    150.732311	    150.754291	0.0	      0.000000	208	9783	
000163	  1.199713	3048.269287	    151.292151	    151.292151	41619	    151.281160	    151.303139	0.0	      0.000000	211	82294	
000164	  0.002169	 40.172993	    156.342313	    156.342313	32236	    156.331321	    156.353301	0.0	      0.000000	237	8029	
000165	 -2.546950	 42.971027	    156.392661	    156.392661	49130	    156.381669	    156.403649	0.0	      0.000000	237	8029	
000166	  0.006508	740.007690	    156.446776	    156.446776	1752	    156.441554	    156.457764	0.0	      0.000000	238	1700090	
000167	  0.008678	19516.177734	    156.541720	    156.541720	33610	    156.530729	    156.552708	0.0	      0.000000	238	1700090	
000168	 -0.151862	 22.165133	    156.592381	    156.592381	50609	    156.581390	    156.603369	0.0	      0.000000	238	1700090	
000169	  0.002169	11693.365234	    156.642085	    156.642085	1751	    156.636867	    156.653073	0.0	      0.000000	239	1729599	
000170	  0.180065	5272.940918	    156.741568	    156.741568	35132	    156.730577	    156.752556	0.0	      0.000000	239	1729599	
000171	 -1.405813	 93.377777	    156.769141	    156.769141	44384	    156.758150	    156.780129	0.0	      0.000000	239	1729599	
000172	  0.015186	 10.049702	    156.842109	    156.842109	3332	    156.832179	    156.853097	0.0	      0.000000	240	69297	
000173	  0.006508	176.894531	    156.892106	    156.892106	20108	    156.881115	    156.903094	0.0	      0.000000	240	69297	
000174	 -0.075931	210.813004	    156.967109	    156.967109	45275	    156.956118	    156.978097	0.0	      0.000000	240	69297	
000175	  0.010847	1477.905640	    157.958376	    157.958376	50209	    157.947385	    157.969364	0.0	      0.000000	245	11106866	
000176	  0.002169	123.189713	    160.092184	    160.092184	45300	    160.081193	    160.103172	0.0	      0.000000	256	565	
000177	  0.010847	 14.323890	    160.140857	    160.140857	61632	    160.129866	    160.151845	0.0	      0.000000	256	565	
000178	  0.039050	213.202164	    160.817092	    160.817092	26395	    160.806101	    160.828081	0.0	      0.000000	260	12784	
000179	  0.008678	 29.023581	    161.016801	    161.016801	27870	    161.005810	    161.027789	0.0	      0.000000	261	34	
000180	  0.006508	24309.927734	    161.329529	    161.329529	1732	    161.324367	    161.340517	0.0	      0.000000	263	11486715	
000181	 -0.002169	 76.009460	    161.519435	    161.519435	65454	    161.508444	    161.519676	0.0	      0.000000	263	11486715	
000182	  0.002169	2467.156250	    161.533236	    161.533236	4549	    161.522245	    161.544224	0.0	      0.000000	264	11427016	
000183	  0.006508	 50.262901	    161.598703	    161.598703	26516	    161.587712	    161.609691	0.0	      0.000000	264	11427016	
000184	  0.002169	 17.352821	    161.615571	    161.615571	32176	    161.604580	    161.626559	0.0	      0.000000	264	11427016	
000185	  0.002169	154.275528	    161.664870	    161.664870	48718	    161.653879	    161.675858	0.0	      0.000000	264	11427016	
000186	  0.002169	 34.588947	    161.691871	    161.691871	57778	    161.680880	    161.702859	0.0	      0.000000	264	11427016	
000187	 -0.006508	1061.614380	    161.767092	    161.767092	17482	    161.756101	    161.778080	0.0	      0.000000	265	7365921	
000188	  0.019525	51607.199219	    161.792129	    161.792129	25883	    161.781138	    161.803117	0.0	      0.000000	265	7365921	
000189	  0.013017	1028.604492	    161.892038	    161.892038	59407	    161.881047	    161.903027	0.0	      0.000000	265	7365921	
000190	  3.013385	 13.186465	    162.023827	    162.023827	38092	    162.012836	    162.034815	0.0	      0.000000	266	8874598	
000191	  0.579247	170.018448	    162.066942	    162.066942	52559	    162.055951	    162.077930	0.0	      0.000000	266	8874598	
000192	 -0.646500	266.391541	    162.117529	    162.117529	3997	    162.106538	    162.128517	0.0	      0.000000	267	8560522	
000193	  0.030372	 27.940632	    162.259212	    162.259212	51538	    162.248221	    162.270200	0.0	      0.000000	267	8560522	
000194	  0.010847	 25.558315	    162.592098	    162.592098	32164	    162.581107	    162.603086	0.0	      0.000000	269	26	
000195	  0.006508	656.176575	    166.354698	    166.354698	49499	    166.343707	    166.365686	0.0	      0.000000	288	5324391	
000196	  0.017356	1372.610718	    166.629577	    166.629577	10661	    166.618585	    166.640565	0.0	      0.000000	290	73980	
000197	  0.002169	 31.157785	    166.758624	    166.758624	53962	    166.747632	    166.769612	0.0	      0.000000	290	73980	
000198	 -3.972288	128.476151	    167.506707	    167.506707	42833	    167.495715	    167.517695	0.0	      0.000000	294	2058078	
000199	  0.004339	777.056274	    168.002996	    168.002996	12752	    167.992005	    168.013984	0.0	      0.000000	297	6467235	
000200	 -0.002169	202.623657	    168.158945	    168.158945	65080	    168.147954	    168.160301	0.0	      0.000000	297	6467235	
000201	 -0.004339	179.461288	    168.354255	    168.354255	65079	    168.343264	    168.355614	0.0	      0.000000	298	598	
000202	  0.262505	136.461624	    168.379095	    168.379095	7878	    168.368104	    168.390083	0.0	      0.000000	299	23402	
000203	 -0.370978	 10.930754	    168.700665	    168.700665	50243	    168.689674	    168.711653	0.0	      0.000000	300	1236	
000204	  0.002169	 43.338375	    168.841886	    168.841886	32093	    168.830895	    168.852874	0.0	      0.000000	301	60	
000205	 -0.004339	1572.435669	    169.175783	    169.175783	13058	    169.164792	    169.186771	0.0	      0.000000	303	6585154	
000206	 -0.006508	 37.334232	    169.722587	    169.722587	65463	    169.711596	    169.722801	0.0	      0.000000	305	930	
000207	  0.002169	 99.070366	    169.780218	    169.780218	19265	    169.769227	    169.791207	0.0	      0.000000	306	14898279	
000208	  0.002169	 63.318768	    169.806617	    169.806617	28123	    169.795626	    169.817605	0.0	      0.000000	306	14898279	
000209	  0.002169	21915.539062	    169.887650	    169.887650	55313	    169.876659	    169.898638	0.0	      0.000000	306	14898279	
000210	  0.010847	449.906891	    170.091840	    170.091840	58292	    170.080849	    170.102829	0.0	      0.000000	307	905998	
000211	  0.002169	 11.906287	    172.130123	    172.130123	21330	    172.119132	    172.141111	0.0	      0.000000	318	2	
000212	  0.010847	256.422302	    172.347957	    172.347957	28887	    172.336966	    172.358945	0.0	      0.000000	319	21145	
000213	 -1.225747	 30.536949	    173.291886	    173.291886	17937	    173.280895	    173.302874	0.0	      0.000000	324	3787	
000214	  0.002169	115.908485	    175.091672	    175.091672	32021	    175.080681	    175.102660	0.0	      0.000000	333	737	
000215	  0.002169	 33.543098	    175.110981	    175.110981	38500	    175.099990	    175.121969	0.0	      0.000000	333	737	
000216	  0.006508	 11.660535	    175.816533	    175.816533	13100	    175.805542	    175.827521	0.0	      0.000000	337	3	
000217	  0.002169	 14.448340	    176.089889	    176.089889	39287	    176.078898	    176.100877	0.0	      0.000000	338	6	
000218	  0.004339	 15.022501	    176.382664	    176.382664	6454	    176.371673	    176.393652	0.0	      0.000000	340	11	
000219	 -0.013017	 33.681068	    177.030065	    177.030065	27078	    177.019074	    177.041054	0.0	      0.000000	343	141	
000220	  1.859230	 35.384926	    178.091428	    178.091428	55532	    178.080436	    178.102416	0.0	      0.000000	348	4573	
000221	 -0.707245	 13.230743	    178.241399	    178.241399	40318	    178.230408	    178.252387	0.0	      0.000000	349	12	
000222	  0.002169	514.752014	    180.091503	    180.091503	5750	    180.080512	    180.102491	0.0	      0.000000	359	33042	
000223	  0.010847	 23.579973	    180.106404	    180.106404	10750	    180.095413	    180.117392	0.0	      0.000000	359	33042	
000224	  0.004339	 18.543482	    180.723715	    180.723715	21277	    180.712724	    180.734703	0.0	      0.000000	362	16	
000225	 -0.002169	486.615662	    181.244057	    181.244057	64803	    181.233066	    181.246239	0.0	      0.000000	364	1382317	
000226	 -3.777036	 13.387308	    183.339894	    183.339894	47153	    183.328903	    183.350882	0.0	      0.000000	375	11003	
000227	 -0.002169	 20.823418	    184.091365	    184.091365	37161	    184.080374	    184.102353	0.0	      0.000000	379	34	
000228	 -0.049898	 48.800362	    184.240690	    184.240690	21730	    184.229699	    184.251678	0.0	      0.000000	380	8584	
000229	  0.010847	264.278503	    184.418154	    184.418154	15741	    184.407162	    184.429142	0.0	      0.000000	381	1581073	
000230	  0.002169	 13.385345	    184.434280	    184.434280	21152	    184.423289	    184.445268	0.0	      0.000000	381	1581073	
000231	 -0.002169	2461.622803	    184.564042	    184.564042	64693	    184.553051	    184.566551	0.0	      0.000000	381	1581073	
000232	 -0.002169	 10.420872	    186.464858	    186.464858	47141	    186.453867	    186.475846	0.0	      0.000000	391	42	
000233	  0.002169	 17.748686	    186.477068	    186.477068	51238	    186.466077	    186.488056	0.0	      0.000000	391	42	
000234	 -0.002169	 35.449638	    186.518705	    186.518705	65209	    186.507714	    186.519676	0.0	      0.000000	391	42	
000235	 -0.008678	 82.566650	    186.714014	    186.714014	65208	    186.703023	    186.714989	0.0	      0.000000	392	137	
000236	  0.019525	 17.294317	    186.725253	    186.725253	3443	    186.714992	    186.736241	0.0	      0.000000	393	55810	
000237	  0.010847	 48.752357	    186.839840	    186.839840	41892	    186.828849	    186.850828	0.0	      0.000000	393	55810	
000238	  0.002169	404.459076	    186.875763	    186.875763	53946	    186.864772	    186.886751	0.0	      0.000000	393	55810	
000239	  0.002169	 43.583786	    186.957368	    186.957368	15792	    186.946377	    186.968356	0.0	      0.000000	394	259	
000240	  0.004339	 15.577963	    187.032592	    187.032592	41033	    187.021601	    187.043580	0.0	      0.000000	394	259	
000241	  0.373148	 11.285264	    187.067193	    187.067193	52643	    187.056202	    187.078181	0.0	      0.000000	394	259	
000242	  0.010847	 53.792988	    187.091261	    187.091261	60719	    187.080270	    187.102249	0.0	      0.000000	394	259	
000243	  0.026034	 10.518923	    187.311011	    187.311011	3383	    187.300929	    187.321999	0.0	      0.000000	396	6	
000244	  0.006508	 11.079309	    187.449238	    187.449238	49764	    187.438246	    187.460226	0.0	      0.000000	396	6	
000245	  0.002169	382.807220	    187.589687	    187.589687	31355	    187.578696	    187.600675	0.0	      0.000000	397	190067	
000246	  0.010847	 62.383888	    187.623241	    187.623241	42614	    187.612250	    187.634229	0.0	      0.000000	397	190067	
000247	  0.010847	 14.567632	    187.730181	    187.730181	12961	    187.719190	    187.741169	0.0	      0.000000	398	41	
000248	  0.010847	 20.450920	    187.797364	    187.797364	35504	    187.786373	    187.808353	0.0	      0.000000	398	41	
000249	  0.002169	 10.741504	    187.865886	    187.865886	58496	    187.854895	    187.876874	0.0	      0.000000	398	41	
000250	 -0.154032	 17.082005	    188.008258	    188.008258	40732	    187.997266	    188.019246	0.0	      0.000000	399	2046	
000251	  0.002169	811.774902	    188.104567	    188.104567	7512	    188.093576	    188.115555	0.0	      0.000000	400	615488	
000252	 -0.008678	 10.026591	    188.121015	    188.121015	13031	    188.110024	    188.132003	0.0	      0.000000	400	615488	
000253	  0.004339	 50.284176	    188.263085	    188.263085	60702	    188.252094	    188.274073	0.0	      0.000000	400	615488	
000254	 -0.002169	 99.283607	    188.291398	    188.291398	4666	    188.280406	    188.302386	0.0	      0.000000	401	219764	
000255	  0.010847	 23.567570	    188.315826	    188.315826	12863	    188.304835	    188.326815	0.0	      0.000000	401	219764	
000256	  0.004339	 43.632118	    188.327530	    188.327530	16790	    188.316539	    188.338518	0.0	      0.000000	401	219764	
000257	  0.002169	 16.126146	    188.350925	    188.350925	24640	    188.339934	    188.361913	0.0	      0.000000	401	219764	
000258	  0.002169	 59.137569	    188.368082	    188.368082	30397	    188.357091	    188.379070	0.0	      0.000000	401	219764	
000259	 -0.002169	 65.376740	    188.389590	    188.389590	37614	    188.378599	    188.400578	0.0	      0.000000	401	219764	
000260	  0.010847	 74.294281	    188.409799	    188.409799	44395	    188.398808	    188.420787	0.0	      0.000000	401	219764	
000261	  0.006508	 70.704178	    188.420808	    188.420808	48089	    188.409817	    188.431796	0.0	      0.000000	401	219764	
000262	  0.010847	 16.232231	    188.432965	    188.432965	52168	    188.421973	    188.443953	0.0	      0.000000	401	219764	
000263	 -0.002169	 18.704828	    188.444686	    188.444686	56101	    188.433695	    188.455674	0.0	      0.000000	401	219764	
000264	  0.010847	 26.475189	    188.491601	    188.491601	6307	    188.480609	    188.502589	0.0	      0.000000	402	88793	
000265	  0.010847	 58.562134	    188.504633	    188.504633	10680	    188.493642	    188.515621	0.0	      0.000000	402	88793	
000266	  0.002169	 51.665730	    188.529670	    188.529670	19081	    188.518679	    188.540658	0.0	      0.000000	402	88793	
000267	 -0.002169	 48.718632	    188.547295	    188.547295	24995	    188.536304	    188.558283	0.0	      0.000000	402	88793	
000268	  0.002169	 16.159250	    188.561955	    188.561955	29914	    188.550964	    188.572943	0.0	      0.000000	402	88793	
000269	 -0.002169	 25.205446	    188.573646	    188.573646	33837	    188.562655	    188.584634	0.0	      0.000000	402	88793	
000270	  0.004339	 20.758308	    188.585362	    188.585362	37768	    188.574371	    188.596350	0.0	      0.000000	402	88793	
000271	  0.006508	 76.818924	    188.597295	    188.597295	41772	    188.586303	    188.608283	0.0	      0.000000	402	88793	
000272	 -0.002169	 63.337334	    188.628074	    188.628074	52100	    188.617083	    188.639062	0.0	      0.000000	402	88793	
000273	  0.002169	 20.139065	    188.643998	    188.643998	57443	    188.633007	    188.654986	0.0	      0.000000	402	88793	
000274	 -0.002169	 19.866529	    188.655689	    188.655689	61366	    188.644698	    188.666677	0.0	      0.000000	402	88793	
000275	  0.004339	 22.396620	    188.679096	    188.679096	3684	    188.668117	    188.690084	0.0	      0.000000	403	31775	
000276	  0.004339	 22.997622	    188.690814	    188.690814	7616	    188.679823	    188.701802	0.0	      0.000000	403	31775	
000277	  0.002169	 20.331110	    188.714322	    188.714322	15504	    188.703331	    188.725310	0.0	      0.000000	403	31775	
000278	  0.002169	 20.285883	    188.737732	    188.737732	23359	    188.726741	    188.748720	0.0	      0.000000	403	31775	
000279	  0.010847	 18.844460	    188.749447	    188.749447	27290	    188.738456	    188.760435	0.0	      0.000000	403	31775	
000280	  0.004339	 17.861330	    188.772857	    188.772857	35145	    188.761866	    188.783845	0.0	      0.000000	403	31775	
000281	  0.002169	 40.913239	    188.796252	    188.796252	42995	    188.785261	    188.807240	0.0	      0.000000	403	31775	
000282	 -0.002169	 64.374168	    188.815030	    188.815030	49296	    188.804039	    188.826018	0.0	      0.000000	403	31775	
000283	  0.010847	 19.217905	    188.843080	    188.843080	58708	    188.832089	    188.854068	0.0	      0.000000	403	31775	
000284	 -0.002169	 21.032717	    188.878307	    188.878307	4992	    188.867315	    188.889295	0.0	      0.000000	404	29725	
000285	  0.002169	 42.350498	    188.892972	    188.892972	9913	    188.881981	    188.903960	0.0	      0.000000	404	29725	
000286	 -0.002169	 19.708960	    188.913408	    188.913408	16770	    188.902417	    188.924396	0.0	      0.000000	404	29725	
000287	  0.010847	 20.074507	    188.925123	    188.925123	20701	    188.914132	    188.936111	0.0	      0.000000	404	29725	
000288	  0.010847	 48.271843	    188.954785	    188.954785	30654	    188.943794	    188.965773	0.0	      0.000000	404	29725	
000289	  0.002169	 24.754034	    188.972041	    188.972041	36444	    188.961050	    188.983029	0.0	      0.000000	404	29725	
000290	 -0.002169	 27.891884	    188.983759	    188.983759	40376	    188.972768	    188.994747	0.0	      0.000000	404	29725	
000291	  0.002169	 18.226727	    188.995451	    188.995451	44299	    188.984459	    189.006439	0.0	      0.000000	404	29725	
000292	 -0.002169	 32.102028	    189.013117	    189.013117	50227	    189.002126	    189.024105	0.0	      0.000000	404	29725	
000293	  0.004339	 25.017029	    189.030674	    189.030674	56118	    189.019683	    189.041662	0.0	      0.000000	404	29725	
000294	  0.004339	 20.542019	    189.042392	    189.042392	60050	    189.031401	    189.053380	0.0	      0.000000	404	29725	
000295	  0.002169	 23.249926	    189.065802	    189.065802	2369	    189.058742	    189.076790	0.0	      0.000000	405	4209	
000296	 -0.002169	 39.236435	    189.092153	    189.092153	11211	    189.081162	    189.103141	0.0	      0.000000	405	4209	
000297	  0.004339	 20.232515	    189.112717	    189.112717	18111	    189.101726	    189.123705	0.0	      0.000000	405	4209	
000298	  0.004339	 20.363150	    189.124435	    189.124435	22043	    189.113444	    189.135423	0.0	      0.000000	405	4209	
000299	  0.002169	 22.367071	    189.147845	    189.147845	29898	    189.136854	    189.158833	0.0	      0.000000	405	4209	
000300	 -0.002169	 14.192261	    189.162448	    189.162448	34798	    189.151457	    189.173436	0.0	      0.000000	405	4209	
000301	  0.002169	 12.457349	    189.182943	    189.182943	41675	    189.171952	    189.193931	0.0	      0.000000	405	4209	
000302	  0.004339	 10.891205	    189.194760	    189.194760	45640	    189.183768	    189.205748	0.0	      0.000000	405	4209	
000303	  0.004339	 15.196484	    189.206478	    189.206478	49572	    189.195487	    189.217466	0.0	      0.000000	405	4209	
000304	  0.002169	 16.164621	    189.218187	    189.218187	53501	    189.207196	    189.229175	0.0	      0.000000	405	4209	
000305	  0.002169	 14.078347	    189.229888	    189.229888	57427	    189.218896	    189.240876	0.0	      0.000000	405	4209	
000306	  0.002169	 19.435804	    189.264986	    189.264986	3668	    189.254054	    189.275974	0.0	      0.000000	406	1199	
000307	  0.004339	 14.469610	    189.288392	    189.288392	11522	    189.277401	    189.299381	0.0	      0.000000	406	1199	
000308	  0.004339	 13.802732	    189.300111	    189.300111	15454	    189.289120	    189.311099	0.0	      0.000000	406	1199	
000309	  0.002169	 26.697886	    189.317784	    189.317784	21384	    189.306792	    189.328772	0.0	      0.000000	406	1199	
000310	  0.002169	 31.291870	    189.350003	    189.350003	32195	    189.339012	    189.360991	0.0	      0.000000	406	1199	
000311	  0.004339	 15.391453	    189.370435	    189.370435	39051	    189.359444	    189.381423	0.0	      0.000000	406	1199	
000312	  0.004339	 17.567228	    189.382154	    189.382154	42983	    189.371162	    189.393142	0.0	      0.000000	406	1199	
000313	  0.002169	 19.581411	    189.405662	    189.405662	50871	    189.394671	    189.416650	0.0	      0.000000	406	1199	
000314	 -0.002169	 15.088552	    189.417380	    189.417380	54803	    189.406389	    189.428368	0.0	      0.000000	406	1199	
000315	 -0.002169	 28.053125	    189.429071	    189.429071	58726	    189.418080	    189.440059	0.0	      0.000000	406	1199	
000316	  0.004339	 53.695251	    189.467138	    189.467138	5963	    189.456147	    189.478126	0.0	      0.000000	407	7388	
000317	  0.002169	 20.368452	    189.487704	    189.487704	12864	    189.476713	    189.498693	0.0	      0.000000	407	7388	
000318	 -0.002169	 19.289309	    189.499423	    189.499423	16796	    189.488432	    189.510411	0.0	      0.000000	407	7388	
000319	  0.002169	 17.545189	    189.511114	    189.511114	20719	    189.500123	    189.522102	0.0	      0.000000	407	7388	
000320	 -0.002169	 23.455679	    189.522832	    189.522832	24651	    189.511841	    189.533821	0.0	      0.000000	407	7388	
000321	  0.010847	 48.391029	    189.537489	    189.537489	29569	    189.526498	    189.548477	0.0	      0.000000	407	7388	
000322	  0.002169	 15.123724	    189.569747	    189.569747	40393	    189.558756	    189.580735	0.0	      0.000000	407	7388	
000323	  0.002169	 15.377746	    189.581466	    189.581466	44325	    189.570474	    189.592454	0.0	      0.000000	407	7388	
000324	  0.002169	 14.828482	    189.593157	    189.593157	48248	    189.582166	    189.604145	0.0	      0.000000	407	7388	
000325	 -0.002169	 15.898715	    189.604875	    189.604875	52180	    189.593884	    189.615863	0.0	      0.000000	407	7388	
000326	  0.010847	 14.236652	    189.625367	    189.625367	59056	    189.614376	    189.636355	0.0	      0.000000	407	7388	
000327	  0.002169	 43.660984	    189.657029	    189.657029	4144	    189.646038	    189.668017	0.0	      0.000000	408	23364	
000328	  0.002169	 14.829095	    189.686918	    189.686918	14173	    189.675927	    189.697906	0.0	      0.000000	408	23364	
000329	 -0.002169	 55.645725	    189.698848	    189.698848	18176	    189.687857	    189.709836	0.0	      0.000000	408	23364	
000330	  0.004339	 15.896319	    189.722013	    189.722013	25949	    189.711022	    189.733001	0.0	      0.000000	408	23364	
000331	  0.004339	 22.019136	    189.739588	    189.739588	31846	    189.728597	    189.750576	0.0	      0.000000	408	23364	
000332	  0.002169	 14.907999	    189.757141	    189.757141	37736	    189.746150	    189.768129	0.0	      0.000000	408	23364	
000333	 -0.002169	 13.321696	    189.780649	    189.780649	45624	    189.769658	    189.791637	0.0	      0.000000	408	23364	
000334	  0.004339	 13.280439	    189.804056	    189.804056	53478	    189.793065	    189.815044	0.0	      0.000000	408	23364	
000335	  0.004339	 17.778763	    189.815774	    189.815774	57410	    189.804783	    189.826762	0.0	      0.000000	408	23364	
000336	  0.002169	 16.089552	    189.862692	    189.862692	7617	    189.851701	    189.873680	0.0	      0.000000	409	235217	
000337	 -0.002169	 36.245323	    189.877254	    189.877254	12503	    189.866262	    189.888242	0.0	      0.000000	409	235217	
000338	  0.004339	 41.132114	    189.900759	    189.900759	20390	    189.889768	    189.911747	0.0	      0.000000	409	235217	
000339	  0.002169	 15.961588	    189.921227	    189.921227	27258	    189.910236	    189.932215	0.0	      0.000000	409	235217	
000340	  0.002169	994.151367	    189.943051	    189.943051	34581	    189.932060	    189.954039	0.0	      0.000000	409	235217	
000341	  0.002169	 14.677624	    189.956453	    189.956453	39078	    189.945462	    189.967441	0.0	      0.000000	409	235217	
000342	  0.010847	 53.882332	    189.975202	    189.975202	45369	    189.964211	    189.986190	0.0	      0.000000	409	235217	
000343	  0.004339	 28.441021	    189.988595	    189.988595	49863	    189.977604	    189.999583	0.0	      0.000000	409	235217	
000344	  0.002169	 29.259468	    190.012118	    190.012118	57756	    190.001127	    190.023106	0.0	      0.000000	409	235217	
000345	  0.002169	 30.279459	    190.047246	    190.047246	4007	    190.036255	    190.058234	0.0	      0.000000	410	415314	
000346	  0.002169	2673.981201	    190.091160	    190.091160	18742	    190.080169	    190.102148	0.0	      0.000000	410	415314	
000347	 -0.004339	422.968719	    190.113872	    190.113872	26363	    190.102881	    190.124860	0.0	      0.000000	410	415314	
000348	  0.002169	 27.725309	    190.130427	    190.130427	31918	    190.119436	    190.141415	0.0	      0.000000	410	415314	
000349	  0.004339	 18.954687	    190.155649	    190.155649	40381	    190.144658	    190.166637	0.0	      0.000000	410	415314	
000350	  0.004339	 18.135971	    190.170196	    190.170196	45262	    190.159204	    190.181184	0.0	      0.000000	410	415314	
000351	  0.004339	 21.283421	    190.182015	    190.182015	49228	    190.171024	    190.193003	0.0	      0.000000	410	415314	
000352	 -0.002169	 12.487916	    190.202454	    190.202454	56086	    190.191462	    190.213442	0.0	      0.000000	410	415314	
000353	  0.002169	 13.741013	    190.214172	    190.214172	60018	    190.203181	    190.225160	0.0	      0.000000	410	415314	
000354	  0.004339	 38.444202	    190.256202	    190.256202	8585	    190.245211	    190.267190	0.0	      0.000000	411	347	
000355	 -0.002169	 12.300320	    190.272805	    190.272805	14156	    190.261814	    190.283793	0.0	      0.000000	411	347	
000356	  0.002169	 11.408373	    190.284496	    190.284496	18079	    190.273505	    190.295484	0.0	      0.000000	411	347	
000357	  0.002169	 13.382856	    190.296215	    190.296215	22011	    190.285224	    190.307203	0.0	      0.000000	411	347	
000358	  0.004339	 10.866187	    190.343129	    190.343129	37753	    190.332138	    190.354118	0.0	      0.000000	411	347	
000359	 -0.002169	 16.727484	    190.354833	    190.354833	41680	    190.343842	    190.365821	0.0	      0.000000	411	347	
000360	  0.002169	 12.799285	    190.378257	    190.378257	49540	    190.367266	    190.389246	0.0	      0.000000	411	347	
000361	  0.010847	 13.711340	    190.413368	    190.413368	61321	    190.402376	    190.424356	0.0	      0.000000	411	347	
