# -------------------------- o --------------------------
# File ID: TIC395393265.bary.0000.h5 
# -------------------------- o --------------------------
# Source:TICObj 
# MJD: 59402.403766376876	RA: 1h45m21.35s	DEC: 77d47m24.44s
# DELTAT:   0.671089	DELTAF(Hz):   2.980232
# --------------------------
# Top_Hit_# 	Drift_Rate 	SNR 	Uncorrected_Frequency 	Corrected_Frequency 	Index 	freq_start 	freq_end 	SEFD 	SEFD_freq 	Coarse_Channel_Number 	Full_number_of_hits 	
# --------------------------
001	  0.000000	727.932728	    110.094661	    110.094661	45874	    110.086468	    110.102848	0.0	      0.000000	0	8980	
002	  0.003312	 18.548379	    110.691920	    110.691920	49673	    110.683728	    110.700107	0.0	      0.000000	3	11	
003	  0.374214	 36.074475	    110.819742	    110.819742	27027	    110.811550	    110.827929	0.0	      0.000000	4	2954	
004	 -1.748539	 32.507084	    111.049992	    111.049992	38750	    111.041799	    111.058179	0.0	      0.000000	5	2112	
005	  0.000000	 12.442013	    111.294845	    111.294845	55373	    111.286652	    111.303032	0.0	      0.000000	6	2	
006	  0.003312	 11.799101	    111.464504	    111.464504	46765	    111.456311	    111.472690	0.0	      0.000000	7	1	
007	  0.000000	 10.520320	    112.093631	    112.093631	61257	    112.085438	    112.101817	0.0	      0.000000	10	3	
008	  0.000000	104.724738	    112.594593	    112.594593	32744	    112.586400	    112.602780	0.0	      0.000000	13	253	
009	  0.000000	 99.449238	    113.394916	    113.394916	39144	    113.386724	    113.403103	0.0	      0.000000	17	2183	
010	 -0.006623	 17.542692	    114.994723	    114.994723	51662	    114.986530	    115.002910	0.0	      0.000000	25	11	
011	  0.000000	 16.657293	    115.719506	    115.719506	32715	    115.711314	    115.727693	0.0	      0.000000	29	6	
012	 -0.317916	 10.327503	    116.894824	    116.894824	33870	    116.886631	    116.903010	0.0	      0.000000	35	36	
013	 -1.662437	 22.162537	    117.295438	    117.295438	37222	    117.287246	    117.303625	0.0	      0.000000	37	653	
014	  0.000000	 96.646190	    117.494914	    117.494914	38619	    117.486722	    117.503101	0.0	      0.000000	38	1313	
015	 -0.006623	 12.697990	    117.619422	    117.619422	14861	    117.611230	    117.627609	0.0	      0.000000	39	37	
016	 -0.635832	178.611403	    118.694777	    118.694777	48010	    118.686584	    118.702963	0.0	      0.000000	44	23009	
017	 -0.715311	2477.607521	    118.794710	    118.794710	16006	    118.786517	    118.802896	0.0	      0.000000	45	117417	
018	  0.000000	 10.245345	    118.844423	    118.844423	32687	    118.836230	    118.852610	0.0	      0.000000	45	117417	
019	 -0.158958	 61.422861	    118.869514	    118.869514	41106	    118.861321	    118.877700	0.0	      0.000000	45	117417	
020	  0.000000	 11.964051	    119.346851	    119.346851	4666	    119.338659	    119.355038	0.0	      0.000000	48	3	
021	  0.000000	130.927105	    120.094386	    120.094386	58889	    120.086193	    120.102573	0.0	      0.000000	51	1298	
022	  0.000000	3225.777529	    120.136050	    120.136050	7333	    120.127857	    120.144236	0.0	      0.000000	52	79182	
023	  0.000000	 61.984114	    120.819459	    120.819459	40039	    120.811266	    120.827645	0.0	      0.000000	55	92079	
024	  0.248372	20359.318924	    120.844493	    120.844493	48439	    120.836300	    120.852679	0.0	      0.000000	55	92079	
025	  0.000000	 17.483636	    121.019268	    121.019268	41548	    121.011076	    121.027455	0.0	      0.000000	56	8	
026	 -0.119219	837.462474	    121.194551	    121.194551	34827	    121.186358	    121.202737	0.0	      0.000000	57	44838	
027	 -0.218567	549480.044603	    122.094515	    122.094515	9125	    122.086323	    122.102702	0.0	      0.000000	62	1243172	
028	  0.354344	 14.454030	    122.179857	    122.179857	37761	    122.171665	    122.188044	0.0	      0.000000	62	1243172	
029	 -0.370902	247443.309561	    123.069465	    123.069465	8584	    123.061273	    123.077652	0.0	      0.000000	67	255968	
030	  0.215256	195.892243	    123.594466	    123.594466	53673	    123.586273	    123.602653	0.0	      0.000000	69	23697	
031	 -0.466939	 23.400550	    123.848915	    123.848915	7980	    123.840723	    123.857102	0.0	      0.000000	71	78139	
032	 -0.043051	2374.392147	    123.869092	    123.869092	14750	    123.860899	    123.877278	0.0	      0.000000	71	78139	
033	 -0.046363	 66.594364	    124.020201	    124.020201	65454	    124.012009	    124.020443	0.0	      0.000000	71	78139	
034	  1.606139	 11.277110	    124.021140	    124.021140	233	    124.020446	    124.029327	0.0	      0.000000	72	3009593	
035	 -0.529860	33578.199343	    124.044240	    124.044240	7984	    124.036047	    124.052427	0.0	      0.000000	72	3009593	
036	  0.808037	 17.554434	    124.069426	    124.069426	16435	    124.061233	    124.077612	0.0	      0.000000	72	3009593	
037	  0.000000	484.030646	    124.117717	    124.117717	32639	    124.109525	    124.125904	0.0	      0.000000	72	3009593	
038	  1.218679	79693.432832	    124.142930	    124.142930	41099	    124.134738	    124.151117	0.0	      0.000000	72	3009593	
039	 -0.801414	 17.723300	    124.166006	    124.166006	48842	    124.157813	    124.174193	0.0	      0.000000	72	3009593	
040	 -1.738604	 11.767178	    124.214328	    124.214328	65056	    124.206135	    124.215755	0.0	      0.000000	72	3009593	
041	  0.000000	 55.850333	    124.619255	    124.619255	4319	    124.611062	    124.627441	0.0	      0.000000	75	145636	
042	 -0.231814	45247.798986	    124.794475	    124.794475	63113	    124.786282	    124.801693	0.0	      0.000000	75	145636	
043	 -0.235126	3180.115570	    124.989781	    124.989781	63111	    124.981588	    124.997005	0.0	      0.000000	76	38478	
044	  0.006623	 85.633330	    125.093481	    125.093481	32371	    125.085289	    125.101668	0.0	      0.000000	77	7986	
045	  0.000000	166.511497	    125.104723	    125.104723	36143	    125.096530	    125.112909	0.0	      0.000000	77	7986	
046	  0.000000	 24.784686	    125.824222	    125.824222	15423	    125.816030	    125.832409	0.0	      0.000000	81	20	
047	 -0.003312	 13.698470	    126.091430	    126.091430	39547	    126.083237	    126.099617	0.0	      0.000000	82	6	
048	 -0.003312	 24.910460	    127.094183	    127.094183	48335	    127.085990	    127.102369	0.0	      0.000000	87	39	
049	  0.043051	100.370356	    127.368996	    127.368996	9475	    127.360803	    127.377183	0.0	      0.000000	89	9672	
050	  0.000000	1730.586001	    127.594185	    127.594185	19500	    127.585993	    127.602372	0.0	      0.000000	90	47437	
051	 -0.039740	85192.042012	    128.144118	    128.144118	7419	    128.135926	    128.152305	0.0	      0.000000	93	178119	
052	  0.000000	 21.723947	    128.219167	    128.219167	32601	    128.210974	    128.227353	0.0	      0.000000	93	178119	
053	 -0.374214	613.292986	    129.194045	    129.194045	32036	    129.185853	    129.202232	0.0	      0.000000	98	214902	
054	 -0.168893	55885.601107	    129.269159	    129.269159	57240	    129.260966	    129.277346	0.0	      0.000000	98	214902	
055	  0.000000	222.157197	    130.094117	    130.094117	6370	    130.085925	    130.102304	0.0	      0.000000	103	3712	
056	 -0.009935	 52.338367	    130.745358	    130.745358	28282	    130.737165	    130.753544	0.0	      0.000000	106	333	
057	  0.228502	 24.183197	    130.944112	    130.944112	29437	    130.935920	    130.952299	0.0	      0.000000	107	4318	
058	  0.000000	259.311172	    131.044102	    131.044102	62988	    131.035909	    131.051693	0.0	      0.000000	107	4318	
059	  0.000000	2518.334899	    131.244070	    131.244070	64550	    131.235877	    131.247005	0.0	      0.000000	108	58841	
060	  0.000000	1034.716262	    131.439376	    131.439376	64548	    131.431184	    131.442318	0.0	      0.000000	109	49875	
061	  1.082902	 75.696542	    131.577033	    131.577033	45202	    131.568840	    131.585220	0.0	      0.000000	110	230624	
062	  0.158958	15184.132397	    131.594131	    131.594131	50939	    131.585938	    131.602317	0.0	      0.000000	110	230624	
063	 -0.145712	3476.743635	    131.618908	    131.618908	59253	    131.610716	    131.627095	0.0	      0.000000	110	230624	
064	  0.632521	124.381750	    131.677878	    131.677878	13504	    131.669686	    131.686065	0.0	      0.000000	111	3393456	
065	 -0.556353	 13.418061	    131.709725	    131.709725	24190	    131.701532	    131.717912	0.0	      0.000000	111	3393456	
066	  0.559665	 34.693923	    131.732405	    131.732405	31800	    131.724212	    131.740591	0.0	      0.000000	111	3393456	
067	  0.145712	 78.296308	    131.764186	    131.764186	42464	    131.755993	    131.772372	0.0	      0.000000	111	3393456	
068	  0.003312	65624.065254	    131.818718	    131.818718	60762	    131.810525	    131.826905	0.0	      0.000000	111	3393456	
069	 -0.139088	8699.687538	    131.919161	    131.919161	28929	    131.910968	    131.927347	0.0	      0.000000	112	1242187	
070	  0.003312	261.486596	    132.014028	    132.014028	60761	    132.005835	    132.022214	0.0	      0.000000	112	1242187	
071	 -1.033228	30756.458518	    132.669452	    132.669452	18541	    132.661259	    132.677639	0.0	      0.000000	116	125024	
072	 -0.854400	29691.502733	    132.952425	    132.952425	47955	    132.944233	    132.960612	0.0	      0.000000	117	140116	
073	  0.215256	2992.104665	    133.043590	    133.043590	13009	    133.035398	    133.051777	0.0	      0.000000	118	83664	
074	 -0.413953	 10.718573	    133.598784	    133.598784	2693	    133.590758	    133.606971	0.0	      0.000000	121	201	
075	 -0.317916	373.868990	    133.794037	    133.794037	2673	    133.786071	    133.802224	0.0	      0.000000	122	6336	
076	  3.944148	 21.538209	    134.177122	    134.177122	143	    134.176696	    134.185309	0.0	      0.000000	124	5347555	
077	  3.894474	838.271817	    134.188333	    134.188333	3905	    134.180141	    134.196520	0.0	      0.000000	124	5347555	
078	 -3.546753	1663.571829	    134.201587	    134.201587	8352	    134.193394	    134.209773	0.0	      0.000000	124	5347555	
079	  3.679218	 87.707558	    134.220732	    134.220732	14776	    134.212539	    134.228918	0.0	      0.000000	124	5347555	
080	  1.655814	71446.896780	    134.232489	    134.232489	18721	    134.224296	    134.240675	0.0	      0.000000	124	5347555	
081	 -3.911032	288.793076	    134.245223	    134.245223	22994	    134.237030	    134.253410	0.0	      0.000000	124	5347555	
082	  3.997134	608.131415	    134.264186	    134.264186	29357	    134.255994	    134.272373	0.0	      0.000000	124	5347555	
083	 -2.102883	13045.782528	    134.277073	    134.277073	33681	    134.268880	    134.285260	0.0	      0.000000	124	5347555	
084	 -3.884539	 65.491942	    134.288758	    134.288758	37602	    134.280566	    134.296945	0.0	      0.000000	124	5347555	
085	  2.997023	5736.747464	    134.308005	    134.308005	44060	    134.299812	    134.316191	0.0	      0.000000	124	5347555	
086	 -3.967329	263.360975	    134.321127	    134.321127	48463	    134.312934	    134.329313	0.0	      0.000000	124	5347555	
087	  3.911032	162.297204	    134.340099	    134.340099	54829	    134.331906	    134.348285	0.0	      0.000000	124	5347555	
088	 -0.288112	521624.841842	    134.352452	    134.352452	58974	    134.344259	    134.360639	0.0	      0.000000	124	5347555	
089	 -3.881227	 83.977922	    134.364641	    134.364641	63064	    134.356448	    134.372005	0.0	      0.000000	124	5347555	
090	  0.000000	 17.930418	    134.468997	    134.468997	32544	    134.460804	    134.477184	0.0	      0.000000	125	50521	
091	 -0.089414	410.140024	    134.485671	    134.485671	38139	    134.477479	    134.493858	0.0	      0.000000	125	50521	
092	 -0.288112	1161.934930	    134.547758	    134.547758	58972	    134.539566	    134.555945	0.0	      0.000000	125	50521	
093	 -0.496744	7069.488358	    134.843886	    134.843886	27264	    134.835694	    134.852073	0.0	      0.000000	127	32306	
094	  0.000000	 18.963445	    135.101173	    135.101173	48059	    135.092980	    135.109359	0.0	      0.000000	128	63	
095	 -0.211944	13096.553282	    135.318849	    135.318849	55563	    135.310656	    135.327035	0.0	      0.000000	129	332231	
096	 -0.437135	6899.660976	    135.343832	    135.343832	63946	    135.335639	    135.348568	0.0	      0.000000	129	332231	
097	 -0.453693	1286.936902	    135.539148	    135.539148	63947	    135.530955	    135.543880	0.0	      0.000000	130	48412	
098	  0.519925	109.705142	    135.548619	    135.548619	1589	    135.543883	    135.556805	0.0	      0.000000	131	9692	
099	  0.125842	397.899053	    135.618764	    135.618764	25126	    135.610572	    135.626951	0.0	      0.000000	131	9692	
100	  0.920632	 10.078492	    135.668987	    135.668987	41978	    135.660795	    135.677174	0.0	      0.000000	131	9692	
101	  0.202009	950.939040	    135.743964	    135.743964	1600	    135.739196	    135.752151	0.0	      0.000000	132	13168	
102	  1.675683	 48.358512	    136.866045	    136.866045	50428	    136.857853	    136.874232	0.0	      0.000000	137	6143330	
103	 -1.751851	 63.181689	    137.071869	    137.071869	53955	    137.063676	    137.080056	0.0	      0.000000	138	7235419	
104	 -3.732204	146.634597	    137.186787	    137.186787	26979	    137.178594	    137.194974	0.0	      0.000000	139	2934094	
105	 -3.930902	159.349201	    137.201235	    137.201235	31827	    137.193042	    137.209422	0.0	      0.000000	139	2934094	
106	  3.586492	 64.001643	    137.341470	    137.341470	13346	    137.333277	    137.349657	0.0	      0.000000	140	8412581	
107	 -3.212278	 53.858413	    137.404019	    137.404019	34334	    137.395826	    137.412206	0.0	      0.000000	140	8412581	
108	  0.000000	 38.590104	    137.593913	    137.593913	32516	    137.585721	    137.602100	0.0	      0.000000	141	27	
109	 -3.808371	595.979792	    137.863761	    137.863761	57526	    137.855569	    137.871948	0.0	      0.000000	142	2002121	
110	 -3.705711	 11.266703	    137.897015	    137.897015	3148	    137.888822	    137.905202	0.0	      0.000000	143	574	
111	  0.000000	619.813056	    140.093845	    140.093845	19386	    140.085653	    140.102032	0.0	      0.000000	154	5393	
112	  0.000000	 27.651614	    140.718827	    140.718827	32487	    140.710634	    140.727014	0.0	      0.000000	157	20	
113	  0.000000	 21.109245	    141.965530	    141.965530	57595	    141.957337	    141.973716	0.0	      0.000000	163	8	
114	 -0.003312	 30.557281	    143.843744	    143.843744	32459	    143.835551	    143.851930	0.0	      0.000000	173	17	
115	  0.000000	 58.150799	    144.091696	    144.091696	50122	    144.083503	    144.099883	0.0	      0.000000	174	93	
116	 -0.026493	 54.781549	    144.893426	    144.893426	56994	    144.885233	    144.901613	0.0	      0.000000	178	15024	
117	  1.506790	305703.392136	    145.743281	    145.743281	14478	    145.735088	    145.751468	0.0	      0.000000	183	2715877	
118	  0.000000	525.588954	    145.843366	    145.843366	48061	    145.835173	    145.851553	0.0	      0.000000	183	2715877	
119	 -1.639255	 26.010625	    145.868966	    145.868966	56651	    145.860774	    145.877153	0.0	      0.000000	183	2715877	
120	 -3.904408	 30.738839	    146.016163	    146.016163	40506	    146.007970	    146.024350	0.0	      0.000000	184	29383	
121	 -0.019870	 13.807351	    146.337387	    146.337387	17219	    146.329195	    146.345574	0.0	      0.000000	186	11	
122	  0.000000	 39.481485	    146.968657	    146.968657	32430	    146.960464	    146.976844	0.0	      0.000000	189	31	
123	  0.006623	 77.791197	    148.586786	    148.586786	51096	    148.578593	    148.594973	0.0	      0.000000	197	292	
124	 -0.006623	1982.430094	    150.093574	    150.093574	32402	    150.085381	    150.101760	0.0	      0.000000	205	85597	
125	  0.827907	435.911945	    152.193654	    152.193654	16176	    152.185461	    152.201841	0.0	      0.000000	216	24882	
126	  0.006623	 29.473933	    153.113544	    153.113544	62696	    153.105352	    153.121731	0.0	      0.000000	220	52	
127	  0.000000	 15.722917	    153.218487	    153.218487	32373	    153.210295	    153.226674	0.0	      0.000000	221	261316	
128	 -0.006623	249.829076	    153.268466	    153.268466	49143	    153.260273	    153.276652	0.0	      0.000000	221	261316	
129	  0.000000	5362.812343	    153.393364	    153.393364	25516	    153.385172	    153.401551	0.0	      0.000000	222	247199	
130	  0.000000	 11.993047	    153.438887	    153.438887	40791	    153.430695	    153.447074	0.0	      0.000000	222	247199	
131	 -0.019870	 11.156180	    153.489358	    153.489358	57726	    153.481165	    153.497544	0.0	      0.000000	222	247199	
132	  0.019870	 10.767266	    153.518284	    153.518284	1896	    153.512633	    153.526470	0.0	      0.000000	223	4	
133	  0.000000	 97.157813	    156.343401	    156.343401	32344	    156.335208	    156.351587	0.0	      0.000000	237	239	
134	 -0.003312	 17.362840	    156.352642	    156.352642	35445	    156.344450	    156.360829	0.0	      0.000000	237	239	
135	 -0.082791	 20.704119	    156.693316	    156.693316	18684	    156.685123	    156.701503	0.0	      0.000000	239	473	
136	 -0.423888	 28.106802	    158.718291	    158.718291	42793	    158.710099	    158.726478	0.0	      0.000000	249	529113	
137	 -0.082791	6452.239477	    158.784792	    158.784792	65107	    158.776599	    158.786068	0.0	      0.000000	249	529113	
138	  0.052986	 29.761812	    158.838466	    158.838466	17581	    158.830273	    158.846653	0.0	      0.000000	250	5297525	
139	  0.000000	1427.783730	    158.855814	    158.855814	23402	    158.847621	    158.864001	0.0	      0.000000	250	5297525	
140	  0.033116	 44.212298	    158.873126	    158.873126	29211	    158.864934	    158.881313	0.0	      0.000000	250	5297525	
141	  0.000000	128.876219	    158.882395	    158.882395	32321	    158.874202	    158.890581	0.0	      0.000000	250	5297525	
142	  0.132465	 28.779716	    158.935726	    158.935726	50216	    158.927533	    158.943913	0.0	      0.000000	250	5297525	
143	 -0.033116	 75.764325	    158.944822	    158.944822	53268	    158.936629	    158.953008	0.0	      0.000000	250	5297525	
144	 -0.019870	390.862074	    158.957637	    158.957637	57568	    158.949444	    158.965823	0.0	      0.000000	250	5297525	
145	 -0.023181	420.607587	    158.966655	    158.966655	60594	    158.958462	    158.974842	0.0	      0.000000	250	5297525	
146	 -0.076167	 12.951250	    158.979494	    158.979494	64902	    158.971301	    158.981380	0.0	      0.000000	250	5297525	
147	  0.003312	 11.269381	    159.193692	    159.193692	5703	    159.185499	    159.201879	0.0	      0.000000	252	32	
148	  0.000000	 13.902968	    159.566585	    159.566585	65289	    159.558392	    159.567318	0.0	      0.000000	253	45	
149	 -0.198698	 20.733427	    159.739515	    159.739515	57779	    159.731323	    159.747702	0.0	      0.000000	254	277	
150	  0.000000	 18.323459	    159.761891	    159.761891	65287	    159.753698	    159.762630	0.0	      0.000000	254	277	
151	  0.000000	2186.695327	    160.093299	    160.093299	45417	    160.085106	    160.101486	0.0	      0.000000	256	86404	
152	 -0.013247	 20.837324	    160.119644	    160.119644	54257	    160.111451	    160.127831	0.0	      0.000000	256	86404	
153	 -0.036428	 15.341381	    160.447794	    160.447794	33294	    160.439602	    160.455981	0.0	      0.000000	258	8	
154	  0.006623	116.291368	    160.918093	    160.918093	60028	    160.909900	    160.926280	0.0	      0.000000	260	3894	
155	  0.000000	 24.997509	    162.089491	    162.089491	59868	    162.081299	    162.097678	0.0	      0.000000	266	66	
156	 -0.013247	 14.025780	    162.099132	    162.099132	63103	    162.090940	    162.106380	0.0	      0.000000	266	66	
157	  0.000000	 65.870099	    162.593231	    162.593231	32287	    162.585038	    162.601418	0.0	      0.000000	269	80	
158	  0.000000	 44.186110	    163.082937	    163.082937	65533	    163.074744	    163.082943	0.0	      0.000000	271	283	
159	  0.000000	138.060635	    163.086212	    163.086212	1096	    163.082946	    163.094399	0.0	      0.000000	272	544346	
160	  0.000000	 94.178349	    163.278243	    163.278243	65531	    163.270051	    163.278255	0.0	      0.000000	272	544346	
161	  0.000000	839.483356	    163.281519	    163.281519	1094	    163.278258	    163.289705	0.0	      0.000000	273	1854964	
162	  0.000000	 19.015801	    163.355762	    163.355762	26006	    163.347569	    163.363949	0.0	      0.000000	273	1854964	
163	  0.000000	 23.374872	    163.959047	    163.959047	31827	    163.950855	    163.967234	0.0	      0.000000	276	16	
164	 -0.006623	 13.836624	    165.096546	    165.096546	20292	    165.088353	    165.104732	0.0	      0.000000	282	9793	
165	  0.000000	144.327221	    165.229878	    165.229878	65031	    165.221685	    165.231380	0.0	      0.000000	282	9793	
166	  0.026493	 77.150261	    165.254921	    165.254921	7898	    165.246728	    165.263108	0.0	      0.000000	283	6962625	
167	 -0.003312	 12.662805	    165.278706	    165.278706	15879	    165.270514	    165.286893	0.0	      0.000000	283	6962625	
168	  0.000000	 14.744860	    165.376360	    165.376360	48646	    165.368167	    165.384546	0.0	      0.000000	283	6962625	
169	  0.000000	 17.290662	    165.388567	    165.388567	52742	    165.380374	    165.396753	0.0	      0.000000	283	6962625	
170	  0.000000	 51.653734	    165.400774	    165.400774	56838	    165.392581	    165.408960	0.0	      0.000000	283	6962625	
171	 -0.003312	11247626.372774	    165.418136	    165.418136	62664	    165.409944	    165.426323	0.0	      0.000000	283	6962625	
172	  0.026493	 26.408206	    165.442437	    165.442437	5282	    165.434245	    165.450624	0.0	      0.000000	284	4780805	
173	 -0.003312	853292.991921	    165.613443	    165.613443	62662	    165.605250	    165.621630	0.0	      0.000000	284	4780805	
174	  0.000000	26564.351526	    165.680653	    165.680653	19678	    165.672460	    165.688840	0.0	      0.000000	285	7257893	
175	  0.000000	 37.049276	    165.718147	    165.718147	32259	    165.709955	    165.726334	0.0	      0.000000	285	7257893	
176	  0.000000	 99.305137	    165.879193	    165.879193	20761	    165.871001	    165.887380	0.0	      0.000000	286	4270	
177	  0.016558	 21.894437	    165.904141	    165.904141	29132	    165.895948	    165.912327	0.0	      0.000000	286	4270	
178	 -0.003312	 25.509749	    166.159299	    166.159299	49213	    166.151107	    166.167486	0.0	      0.000000	287	93	
179	  0.000000	 26.599331	    166.759783	    166.759783	54094	    166.751591	    166.767970	0.0	      0.000000	290	18	
180	 -0.016558	 41.103304	    167.155621	    167.155621	55843	    167.147428	    167.163807	0.0	      0.000000	292	1379	
181	 -0.351032	 14.734228	    168.455929	    168.455929	33402	    168.447736	    168.464116	0.0	      0.000000	299	5267	
182	  0.000000	126.902247	    168.843061	    168.843061	32230	    168.834868	    168.851248	0.0	      0.000000	301	336	
183	  0.000000	411.108135	    170.093027	    170.093027	58433	    170.084834	    170.101214	0.0	      0.000000	307	12775	
184	  0.000000	 33.599583	    171.967978	    171.967978	32202	    171.959785	    171.976164	0.0	      0.000000	317	24	
185	  0.000000	 86.407439	    175.092891	    175.092891	32173	    175.084698	    175.101078	0.0	      0.000000	333	243	
186	 -0.026493	 34.128083	    175.343097	    175.343097	50592	    175.334904	    175.351283	0.0	      0.000000	334	177	
187	 -0.009935	 16.231918	    175.671119	    175.671119	29586	    175.662926	    175.679305	0.0	      0.000000	336	471	
188	 -0.013247	118.197768	    175.690121	    175.690121	35962	    175.681928	    175.698307	0.0	      0.000000	336	471	
189	 -0.016558	 16.581792	    175.709120	    175.709120	42337	    175.700927	    175.717306	0.0	      0.000000	336	471	
190	 -0.006623	2162.850347	    180.092758	    180.092758	5914	    180.084566	    180.100945	0.0	      0.000000	359	435975	
191	  1.357767	 27.417221	    180.417380	    180.417380	49303	    180.409187	    180.425567	0.0	      0.000000	360	8619	
192	  0.000000	 62.956558	    181.342721	    181.342721	32116	    181.334529	    181.350908	0.0	      0.000000	365	80	
193	  0.000000	 12.644912	    185.714859	    185.714859	57370	    185.706666	    185.723046	0.0	      0.000000	387	7	
194	  0.000000	158.775526	    187.592551	    187.592551	32059	    187.584359	    187.600738	0.0	      0.000000	397	351	
195	  0.000000	 23.813987	    187.604603	    187.604603	36103	    187.596411	    187.612790	0.0	      0.000000	397	351	
196	  0.000000	 13.118178	    189.093200	    189.093200	11305	    189.085007	    189.101386	0.0	      0.000000	405	47	
197	 -0.023181	 26.981448	    189.103869	    189.103869	14885	    189.095676	    189.112056	0.0	      0.000000	405	47	
198	  0.000000	1547.880413	    190.092483	    190.092483	18929	    190.084291	    190.100670	0.0	      0.000000	410	57170	
