# -------------------------- o --------------------------
# File ID: TIC396562848.bary.0000.h5 
# -------------------------- o --------------------------
# Source:TIC    
# MJD: 59402.415098134137	RA: 0h11m49.42s	DEC: 76d33m05.06s
# DELTAT:   0.671089	DELTAF(Hz):   2.980232
# --------------------------
# Top_Hit_# 	Drift_Rate 	SNR 	Uncorrected_Frequency 	Corrected_Frequency 	Index 	freq_start 	freq_end 	SEFD 	SEFD_freq 	Coarse_Channel_Number 	Full_number_of_hits 	
# --------------------------
001	  0.000000	174.499361	    110.094429	    110.094429	45874	    110.086236	    110.102615	0.0	      0.000000	0	846	
002	 -3.659348	 10.028452	    110.789759	    110.789759	17044	    110.781566	    110.797945	0.0	      0.000000	4	2	
003	 -1.106083	 89.909202	    111.294616	    111.294616	55374	    111.286423	    111.302803	0.0	      0.000000	6	10741	
004	 -0.003312	 10.377806	    111.464274	    111.464274	46766	    111.456082	    111.472461	0.0	      0.000000	7	1	
005	 -0.006623	 17.465718	    112.092785	    112.092785	61051	    112.084592	    112.100971	0.0	      0.000000	10	16	
006	  0.000000	123.327501	    112.594355	    112.594355	32742	    112.586162	    112.602541	0.0	      0.000000	13	375	
007	 -0.006623	163.670253	    113.394675	    113.394675	39141	    113.386483	    113.402862	0.0	      0.000000	17	1481	
008	 -1.079590	 37.280903	    114.994473	    114.994473	51656	    114.986280	    115.002660	0.0	      0.000000	25	4930	
009	  0.000000	 10.612760	    115.719262	    115.719262	32711	    115.711070	    115.727449	0.0	      0.000000	29	2	
010	 -0.794791	 38.046106	    115.894521	    115.894521	25982	    115.886328	    115.902708	0.0	      0.000000	30	3130	
011	 -0.006623	 79.275511	    117.494667	    117.494667	38614	    117.486474	    117.502854	0.0	      0.000000	38	287	
012	  0.046363	 11.370794	    118.694184	    118.694184	47889	    118.685991	    118.702370	0.0	      0.000000	44	6	
013	  0.006623	239.029564	    118.794430	    118.794430	15990	    118.786237	    118.802617	0.0	      0.000000	45	29659	
014	 -0.003312	 24.471121	    119.169161	    119.169161	10657	    119.160969	    119.177348	0.0	      0.000000	47	173	
015	  0.000000	 30.880214	    120.094133	    120.094133	58882	    120.085940	    120.102320	0.0	      0.000000	51	91	
016	  0.003312	264847.638785	    120.135797	    120.135797	7326	    120.127604	    120.143983	0.0	      0.000000	52	603279	
017	  0.000000	 14.669791	    120.819203	    120.819203	40031	    120.811010	    120.827389	0.0	      0.000000	55	13	
018	  0.003312	 11.953403	    120.844099	    120.844099	48385	    120.835907	    120.852286	0.0	      0.000000	55	13	
019	  0.000000	 15.060766	    121.019012	    121.019012	41540	    121.010820	    121.027199	0.0	      0.000000	56	6	
020	 -0.026493	1020.076474	    121.194155	    121.194155	34772	    121.185962	    121.202341	0.0	      0.000000	57	110353	
021	 -0.006623	 13.102944	    121.894089	    121.894089	7487	    121.885896	    121.902276	0.0	      0.000000	61	3	
022	  0.006623	24773.892372	    122.094155	    122.094155	9082	    122.085962	    122.102342	0.0	      0.000000	62	419776	
023	 -0.006623	 10.629561	    122.893838	    122.893838	15267	    122.885645	    122.902024	0.0	      0.000000	66	1	
024	 -0.079479	580161.409575	    123.068920	    123.068920	8479	    123.060728	    123.077107	0.0	      0.000000	67	1761775	
025	  0.149023	262.400637	    123.594091	    123.594091	53625	    123.585898	    123.602278	0.0	      0.000000	69	20797	
026	  0.129153	1497.065012	    123.868767	    123.868767	14719	    123.860574	    123.876954	0.0	      0.000000	71	125619	
027	 -0.105972	1353502.324259	    124.043915	    124.043915	7953	    124.035723	    124.052102	0.0	      0.000000	72	3751672	
028	  0.225191	 11.292983	    124.142787	    124.142787	41129	    124.134595	    124.150974	0.0	      0.000000	72	3751672	
029	  0.000000	 21.093060	    124.618993	    124.618993	4309	    124.610800	    124.627179	0.0	      0.000000	75	198995	
030	 -0.198698	57036.984637	    124.794061	    124.794061	63052	    124.785868	    124.801460	0.0	      0.000000	75	198995	
031	  0.019870	 33.055547	    124.919510	    124.919510	39610	    124.911318	    124.927697	0.0	      0.000000	76	42781	
032	 -0.202009	3653.104765	    124.989367	    124.989367	63050	    124.981174	    124.996773	0.0	      0.000000	76	42781	
033	  0.003312	 86.507966	    125.093219	    125.093219	32361	    125.085027	    125.101406	0.0	      0.000000	77	95921	
034	  0.000000	478.786376	    125.104461	    125.104461	36133	    125.096268	    125.112647	0.0	      0.000000	77	95921	
035	  0.198698	 12.139851	    125.944028	    125.944028	55701	    125.935835	    125.952215	0.0	      0.000000	81	316	
036	  0.122530	 20.661301	    126.394252	    126.394252	10163	    126.386059	    126.402438	0.0	      0.000000	84	668	
037	  0.000000	 22.552041	    127.093912	    127.093912	48322	    127.085719	    127.102098	0.0	      0.000000	87	52	
038	 -0.125842	3560.371252	    127.368752	    127.368752	9471	    127.360559	    127.376938	0.0	      0.000000	89	23913	
039	 -0.016558	850.425642	    127.593917	    127.593917	19488	    127.585725	    127.602104	0.0	      0.000000	90	37513	
040	 -0.271553	61244.709894	    128.143779	    128.143779	7383	    128.135586	    128.151966	0.0	      0.000000	93	453992	
041	  0.000000	 26.927475	    128.218896	    128.218896	32588	    128.210703	    128.227082	0.0	      0.000000	93	453992	
042	 -0.026493	1757.517083	    128.593645	    128.593645	27261	    128.585452	    128.601832	0.0	      0.000000	95	62726	
043	 -0.344409	103992.283155	    129.193754	    129.193754	32016	    129.185561	    129.201940	0.0	      0.000000	98	321593	
044	 -0.119219	16503.449523	    129.269067	    129.269067	57287	    129.260874	    129.277254	0.0	      0.000000	98	321593	
045	  0.029805	 29.807389	    129.293740	    129.293740	30	    129.293651	    129.301927	0.0	      0.000000	99	59	
046	  0.000000	 54.484194	    130.093843	    130.093843	6356	    130.085651	    130.102030	0.0	      0.000000	103	232	
047	 -0.003312	 31.945742	    130.742485	    130.742485	27396	    130.734292	    130.750672	0.0	      0.000000	106	376	
048	 -0.006623	138.199210	    131.043828	    131.043828	62974	    131.035635	    131.051460	0.0	      0.000000	107	475	
049	 -0.105972	91232.520306	    131.243507	    131.243507	64439	    131.235314	    131.246773	0.0	      0.000000	108	195009	
050	 -0.006623	 18.973113	    131.343806	    131.343806	32558	    131.335614	    131.351993	0.0	      0.000000	109	143052	
051	 -0.105972	32014.003971	    131.438813	    131.438813	64437	    131.430621	    131.442085	0.0	      0.000000	109	143052	
052	 -0.059609	1460.234825	    131.618536	    131.618536	59206	    131.610343	    131.626723	0.0	      0.000000	110	55828	
053	  0.026493	153.096114	    131.637621	    131.637621	74	    131.637401	    131.645808	0.0	      0.000000	111	5912187	
054	  0.264930	5346.504517	    131.677372	    131.677372	13412	    131.669179	    131.685559	0.0	      0.000000	111	5912187	
055	 -0.804725	304.821521	    131.710250	    131.710250	24444	    131.702057	    131.718436	0.0	      0.000000	111	5912187	
056	  0.609339	641.327023	    131.731517	    131.731517	31580	    131.723324	    131.739703	0.0	      0.000000	111	5912187	
057	 -0.447070	808.526972	    131.764392	    131.764392	42611	    131.756199	    131.772578	0.0	      0.000000	111	5912187	
058	  0.933879	215.519251	    131.785665	    131.785665	49749	    131.777472	    131.793851	0.0	      0.000000	111	5912187	
059	 -0.009935	62438.981019	    131.818519	    131.818519	60773	    131.810326	    131.826705	0.0	      0.000000	111	5912187	
060	 -2.533395	73968.081727	    131.919772	    131.919772	29212	    131.911579	    131.927959	0.0	      0.000000	112	4968509	
061	 -0.072856	3393.573230	    132.013840	    132.013840	60776	    132.005647	    132.022027	0.0	      0.000000	112	4968509	
062	 -0.221879	1870.313754	    132.669002	    132.669002	18468	    132.660810	    132.677189	0.0	      0.000000	116	84638	
063	  0.023181	8581.171738	    132.951871	    132.951871	47847	    132.943678	    132.960058	0.0	      0.000000	117	80763	
064	  0.854400	20204.479534	    133.043424	    133.043424	13031	    133.035231	    133.051611	0.0	      0.000000	118	241478	
065	 -0.553042	 44.185185	    133.794058	    133.794058	2758	    133.785865	    133.802245	0.0	      0.000000	122	6040	
066	  0.894139	425673.645871	    134.351644	    134.351644	58781	    134.343452	    134.359831	0.0	      0.000000	124	2098590	
067	  0.000000	 10.863151	    134.468714	    134.468714	32527	    134.460521	    134.476901	0.0	      0.000000	125	16735	
068	  0.003312	 10.386362	    134.518758	    134.518758	49319	    134.510565	    134.526945	0.0	      0.000000	125	16735	
069	 -0.284800	103.070772	    134.547633	    134.547633	59008	    134.539441	    134.555820	0.0	      0.000000	125	16735	
070	  0.433823	13397.452627	    134.843320	    134.843320	27152	    134.835128	    134.851507	0.0	      0.000000	127	90518	
071	  0.215256	 72.183271	    135.156677	    135.156677	1225	    135.153026	    135.164863	0.0	      0.000000	129	622523	
072	 -0.168893	77835.371796	    135.318491	    135.318491	55521	    135.310299	    135.326678	0.0	      0.000000	129	622523	
073	 -0.281488	13287.731955	    135.343314	    135.343314	63850	    135.335121	    135.348335	0.0	      0.000000	129	622523	
074	  0.218567	411.921665	    135.351983	    135.351983	1223	    135.348338	    135.360170	0.0	      0.000000	130	28203	
075	 -0.258307	2593.839349	    135.538614	    135.538614	63846	    135.530422	    135.543648	0.0	      0.000000	130	28203	
076	 -0.016558	273.850105	    135.618705	    135.618705	25184	    135.610512	    135.626892	0.0	      0.000000	131	307745	
077	 -0.476874	77396.696560	    135.668642	    135.668642	41940	    135.660449	    135.676829	0.0	      0.000000	131	307745	
078	 -0.158958	232.297837	    135.943756	    135.943756	3181	    135.935563	    135.951943	0.0	      0.000000	133	5751	
079	  0.172205	 15.474949	    136.644158	    136.644158	41589	    136.635966	    136.652345	0.0	      0.000000	136	669	
080	 -3.980576	215.151322	    136.788628	    136.788628	24529	    136.780435	    136.796815	0.0	      0.000000	137	44285	
081	 -0.569600	 11.567295	    136.869121	    136.869121	51538	    136.860928	    136.877308	0.0	      0.000000	137	44285	
082	 -0.324539	118.839524	    137.069166	    137.069166	53126	    137.060974	    137.077353	0.0	      0.000000	138	8235002	
083	 -3.897785	 86.522642	    137.346972	    137.346972	15270	    137.338779	    137.355158	0.0	      0.000000	140	8435509	
084	 -2.073079	 75.587164	    137.408370	    137.408370	35872	    137.400178	    137.416557	0.0	      0.000000	140	8435509	
085	  0.000000	 53.260826	    137.593622	    137.593622	32496	    137.585429	    137.601808	0.0	      0.000000	141	94	
086	  0.000000	160.077579	    140.093548	    140.093548	19364	    140.085355	    140.101734	0.0	      0.000000	154	779	
087	  0.000000	 27.979122	    141.965229	    141.965229	57572	    141.957036	    141.973416	0.0	      0.000000	163	31	
088	 -0.006623	 32.361494	    143.843440	    143.843440	32435	    143.835247	    143.851626	0.0	      0.000000	173	35	
089	  0.000000	 60.076288	    144.097096	    144.097096	52012	    144.088904	    144.105283	0.0	      0.000000	174	302	
090	  0.003312	 51.920293	    144.893104	    144.893104	56964	    144.884912	    144.901291	0.0	      0.000000	178	12920	
091	  0.188763	304.272442	    145.843000	    145.843000	48016	    145.834807	    145.851186	0.0	      0.000000	183	60083	
092	 -3.526883	 15.648842	    145.868946	    145.868946	56722	    145.860753	    145.877132	0.0	      0.000000	183	60083	
093	 -2.076390	100.817557	    146.033758	    146.033758	46488	    146.025566	    146.041945	0.0	      0.000000	184	5310639	
094	 -2.745339	1173.009118	    146.055589	    146.055589	53813	    146.047396	    146.063775	0.0	      0.000000	184	5310639	
095	 -0.003312	 27.626737	    146.337075	    146.337075	17192	    146.328882	    146.345261	0.0	      0.000000	186	77	
096	  0.000000	 79.631765	    146.968347	    146.968347	32404	    146.960155	    146.976534	0.0	      0.000000	189	150	
097	 -0.172205	 58.111640	    148.443679	    148.443679	3155	    148.435486	    148.451865	0.0	      0.000000	197	4397	
098	  0.013247	 13.476747	    148.558355	    148.558355	41634	    148.550162	    148.566542	0.0	      0.000000	197	4397	
099	  0.009935	273.349701	    148.586479	    148.586479	51071	    148.578287	    148.594666	0.0	      0.000000	197	4397	
100	 -0.003312	 12.201491	    148.614604	    148.614604	60508	    148.606411	    148.622791	0.0	      0.000000	197	4397	
101	  0.000000	795.612303	    150.093255	    150.093255	32373	    150.085062	    150.101442	0.0	      0.000000	205	16172	
102	  0.006623	 16.419010	    153.113220	    153.113220	62665	    153.105027	    153.121406	0.0	      0.000000	220	11	
103	  0.089414	 20.863658	    153.268138	    153.268138	49111	    153.259945	    153.276325	0.0	      0.000000	221	3280	
104	 -0.006623	27543.185729	    153.393043	    153.393043	25486	    153.384850	    153.401229	0.0	      0.000000	222	5717070	
105	  0.000000	 15.378389	    153.438563	    153.438563	40760	    153.430370	    153.446749	0.0	      0.000000	222	5717070	
106	  0.145712	 25.155979	    153.489012	    153.489012	57688	    153.480819	    153.497199	0.0	      0.000000	222	5717070	
107	  0.195386	 39.149607	    153.518046	    153.518046	1894	    153.512401	    153.526232	0.0	      0.000000	223	1396	
108	 -0.006623	 56.131028	    156.343073	    156.343073	32312	    156.334881	    156.351260	0.0	      0.000000	237	117	
109	 -0.076167	 17.690843	    158.717907	    158.717907	42742	    158.709714	    158.726094	0.0	      0.000000	249	484560	
110	 -0.420577	935.177756	    158.784646	    158.784646	65136	    158.776454	    158.785835	0.0	      0.000000	249	484560	
111	 -0.046363	 50.270672	    158.838121	    158.838121	17543	    158.829928	    158.846307	0.0	      0.000000	250	5216080	
112	 -0.029805	1750.544749	    158.855427	    158.855427	23350	    158.847234	    158.863614	0.0	      0.000000	250	5216080	
113	  0.033116	 74.832970	    158.872834	    158.872834	29191	    158.864642	    158.881021	0.0	      0.000000	250	5216080	
114	 -0.006623	232.114209	    158.882061	    158.882061	32287	    158.873869	    158.890248	0.0	      0.000000	250	5216080	
115	 -0.029805	 38.817432	    158.935431	    158.935431	50195	    158.927239	    158.943618	0.0	      0.000000	250	5216080	
116	 -0.026493	112.560766	    158.944452	    158.944452	53222	    158.936260	    158.952639	0.0	      0.000000	250	5216080	
117	  0.009935	349.524952	    158.957306	    158.957306	57535	    158.949113	    158.965493	0.0	      0.000000	250	5216080	
118	  0.006623	352.766375	    158.966324	    158.966324	60561	    158.958132	    158.974511	0.0	      0.000000	250	5216080	
119	 -0.056298	 28.425897	    158.979193	    158.979193	64879	    158.971000	    158.981148	0.0	      0.000000	250	5216080	
120	 -0.003312	 14.303913	    159.467981	    159.467981	32281	    159.459788	    159.476168	0.0	      0.000000	253	4	
121	 -0.006623	1502.091128	    160.092962	    160.092962	45382	    160.084770	    160.101149	0.0	      0.000000	256	83780	
122	 -0.006623	 38.861359	    160.119293	    160.119293	54217	    160.111100	    160.127479	0.0	      0.000000	256	83780	
123	  3.281823	142.980195	    160.180790	    160.180790	9316	    160.172597	    160.188976	0.0	      0.000000	257	4334442	
124	 -0.049674	 16.018354	    160.249210	    160.249210	32274	    160.241017	    160.257397	0.0	      0.000000	257	4334442	
125	  3.748762	 25.687721	    160.257850	    160.257850	35173	    160.249657	    160.266036	0.0	      0.000000	257	4334442	
126	 -0.086102	 14.114653	    160.867784	    160.867784	43225	    160.859591	    160.875971	0.0	      0.000000	260	187	
127	 -0.069544	 21.727028	    160.917828	    160.917828	60017	    160.909635	    160.926015	0.0	      0.000000	260	187	
128	  0.000000	 62.804192	    162.089149	    162.089149	59831	    162.080956	    162.097335	0.0	      0.000000	266	5369	
129	 -0.023181	109.579763	    162.098787	    162.098787	63065	    162.090594	    162.106148	0.0	      0.000000	266	5369	
130	 -0.023181	 10.368001	    162.296805	    162.296805	63973	    162.288613	    162.301460	0.0	      0.000000	267	1	
131	  0.000000	 65.206597	    162.592888	    162.592888	32250	    162.584696	    162.601075	0.0	      0.000000	269	87	
132	  0.000000	 42.061847	    163.082591	    163.082591	65495	    163.074399	    163.082710	0.0	      0.000000	271	1386	
133	  0.000000	 94.219226	    163.085867	    163.085867	1058	    163.082713	    163.094053	0.0	      0.000000	272	241790	
134	 -0.301358	 12.720044	    163.143120	    163.143120	20269	    163.134927	    163.151306	0.0	      0.000000	272	241790	
135	  0.000000	102.406314	    163.277898	    163.277898	65493	    163.269705	    163.278023	0.0	      0.000000	272	241790	
136	  0.000000	649.133805	    163.281173	    163.281173	1056	    163.278026	    163.289360	0.0	      0.000000	273	1767826	
137	 -0.009935	 58.851289	    163.317809	    163.317809	13349	    163.309616	    163.325996	0.0	      0.000000	273	1767826	
138	  0.006623	140.218003	    163.355411	    163.355411	25966	    163.347218	    163.363597	0.0	      0.000000	273	1767826	
139	  0.003312	 15.241836	    163.680527	    163.680527	3985	    163.672335	    163.688714	0.0	      0.000000	275	115	
140	 -0.006623	194.823954	    163.958702	    163.958702	31789	    163.950509	    163.966889	0.0	      0.000000	276	2750	
141	 -0.099349	 17.397296	    164.468366	    164.468366	6196	    164.460174	    164.476553	0.0	      0.000000	279	390884	
142	  0.000000	 15.123226	    164.598781	    164.598781	49956	    164.590589	    164.606968	0.0	      0.000000	279	390884	
143	  0.000000	 66.471146	    164.644901	    164.644901	65431	    164.636708	    164.645210	0.0	      0.000000	279	390884	
144	 -0.009935	757.432246	    164.680935	    164.680935	11986	    164.672742	    164.689121	0.0	      0.000000	280	5133644	
145	  0.000000	 60.969750	    164.727063	    164.727063	27464	    164.718870	    164.735249	0.0	      0.000000	280	5133644	
146	  0.000000	 14.837205	    164.889512	    164.889512	16437	    164.881319	    164.897699	0.0	      0.000000	281	368	
147	  0.000000	 56.038749	    164.930326	    164.930326	30132	    164.922134	    164.938513	0.0	      0.000000	281	368	
148	 -0.145712	 87.553731	    165.049184	    165.049184	4478	    165.040991	    165.057371	0.0	      0.000000	282	985608	
149	  0.000000	111.212588	    165.096194	    165.096194	20252	    165.088001	    165.104381	0.0	      0.000000	282	985608	
150	 -0.009935	314.771575	    165.121803	    165.121803	28845	    165.113611	    165.129990	0.0	      0.000000	282	985608	
151	  0.000000	 11.277799	    165.133837	    165.133837	32883	    165.125645	    165.142024	0.0	      0.000000	282	985608	
152	 -0.006623	993.512787	    165.193105	    165.193105	52770	    165.184913	    165.201292	0.0	      0.000000	282	985608	
153	 -0.006623	 23.623065	    165.217537	    165.217537	60968	    165.209345	    165.225724	0.0	      0.000000	282	985608	
154	  0.000000	3951.775806	    165.229530	    165.229530	64992	    165.221337	    165.231148	0.0	      0.000000	282	985608	
155	  0.000000	224.838433	    165.241737	    165.241737	3552	    165.233544	    165.249923	0.0	      0.000000	283	8409676	
156	  0.003312	 79.994594	    165.253944	    165.253944	7648	    165.245751	    165.262130	0.0	      0.000000	283	8409676	
157	  0.000000	 42.330400	    165.266151	    165.266151	11744	    165.257958	    165.274337	0.0	      0.000000	283	8409676	
158	 -0.003312	 29.724493	    165.278358	    165.278358	15840	    165.270165	    165.286545	0.0	      0.000000	283	8409676	
159	 -0.006623	 27.028754	    165.290565	    165.290565	19936	    165.282372	    165.298752	0.0	      0.000000	283	8409676	
160	  0.003312	 23.232691	    165.302769	    165.302769	24031	    165.294576	    165.310956	0.0	      0.000000	283	8409676	
161	 -0.003312	 15.543096	    165.314976	    165.314976	28127	    165.306783	    165.323163	0.0	      0.000000	283	8409676	
162	  0.000000	 22.392249	    165.327183	    165.327183	32223	    165.318990	    165.335370	0.0	      0.000000	283	8409676	
163	 -0.009935	 17.519011	    165.339390	    165.339390	36319	    165.331197	    165.347577	0.0	      0.000000	283	8409676	
164	  0.003312	 23.030696	    165.351597	    165.351597	40415	    165.343404	    165.359784	0.0	      0.000000	283	8409676	
165	 -0.003312	 26.792046	    165.363804	    165.363804	44511	    165.355611	    165.371991	0.0	      0.000000	283	8409676	
166	 -0.003312	 40.020459	    165.376011	    165.376011	48607	    165.367818	    165.384198	0.0	      0.000000	283	8409676	
167	 -0.016558	 86.548349	    165.388218	    165.388218	52703	    165.380025	    165.396405	0.0	      0.000000	283	8409676	
168	  0.000000	214.525580	    165.400422	    165.400422	56798	    165.392230	    165.408609	0.0	      0.000000	283	8409676	
169	  0.006623	52322645.041236	    165.417782	    165.417782	62623	    165.409589	    165.425969	0.0	      0.000000	283	8409676	
170	  0.000000	 73.829483	    165.437043	    165.437043	3550	    165.428851	    165.445230	0.0	      0.000000	284	7048894	
171	 -0.003312	 21.757351	    165.473664	    165.473664	15838	    165.465472	    165.481851	0.0	      0.000000	284	7048894	
172	  0.016558	 16.681025	    165.571318	    165.571318	48605	    165.563125	    165.579504	0.0	      0.000000	284	7048894	
173	  0.000000	 26.152982	    165.583525	    165.583525	52701	    165.575332	    165.591711	0.0	      0.000000	284	7048894	
174	 -0.016558	 60.787395	    165.595732	    165.595732	56797	    165.587539	    165.603918	0.0	      0.000000	284	7048894	
175	  0.006623	11132882.424580	    165.613089	    165.613089	62621	    165.604896	    165.621275	0.0	      0.000000	284	7048894	
176	 -3.960706	163.259376	    165.632246	    165.632246	3513	    165.624053	    165.640432	0.0	      0.000000	285	7892169	
177	 -0.006623	32721.470488	    165.680305	    165.680305	19639	    165.672112	    165.688491	0.0	      0.000000	285	7892169	
178	  0.000000	114.019400	    165.717987	    165.717987	32283	    165.709794	    165.726173	0.0	      0.000000	285	7892169	
179	 -0.006623	351.252884	    165.882347	    165.882347	21897	    165.874154	    165.890533	0.0	      0.000000	286	7489306	
180	  0.003312	448.611678	    165.906334	    165.906334	29946	    165.898142	    165.914521	0.0	      0.000000	286	7489306	
181	  0.016558	 29.599192	    166.158942	    166.158942	49171	    166.150749	    166.167129	0.0	      0.000000	287	207	
182	 -0.013247	150.187303	    167.154962	    167.154962	55700	    167.146770	    167.163149	0.0	      0.000000	292	81025	
183	  3.877915	 80.850714	    167.292008	    167.292008	36149	    167.283816	    167.300195	0.0	      0.000000	293	7248	
184	 -0.006623	122.138006	    168.842707	    168.842707	32189	    168.834514	    168.850893	0.0	      0.000000	301	370	
185	  0.000000	166.662936	    170.092667	    170.092667	58390	    170.084474	    170.100853	0.0	      0.000000	307	3167	
186	 -0.003312	 60.724709	    171.967614	    171.967614	32158	    171.959422	    171.975801	0.0	      0.000000	317	98	
187	  0.000000	336.463904	    175.092522	    175.092522	32127	    175.084329	    175.100709	0.0	      0.000000	333	4997	
188	 -0.003312	 74.238154	    175.689740	    175.689740	35912	    175.681547	    175.697926	0.0	      0.000000	336	221	
189	  0.000000	 11.070592	    175.708739	    175.708739	42287	    175.700546	    175.716925	0.0	      0.000000	336	221	
190	 -0.003312	2411.500527	    180.092377	    180.092377	5864	    180.084184	    180.100564	0.0	      0.000000	359	509903	
191	 -0.006623	 67.889124	    181.342340	    181.342340	32066	    181.334147	    181.350527	0.0	      0.000000	365	132	
192	 -0.033116	 17.211309	    184.494484	    184.494484	41174	    184.486291	    184.502671	0.0	      0.000000	381	199615	
193	 -0.009935	 19.465795	    184.693412	    184.693412	42387	    184.685219	    184.701598	0.0	      0.000000	382	120066	
194	 -0.006623	 13.612771	    184.892348	    184.892348	43603	    184.884155	    184.900535	0.0	      0.000000	383	247	
195	  0.000000	452.311724	    187.592155	    187.592155	32004	    187.583963	    187.600342	0.0	      0.000000	397	5167	
196	 -0.043051	 77.223845	    189.103452	    189.103452	14823	    189.095259	    189.111639	0.0	      0.000000	405	370	
197	 -0.884204	 11.492689	    189.784027	    189.784027	46578	    189.775834	    189.792213	0.0	      0.000000	408	509	
198	  0.000000	2192.735163	    190.092081	    190.092081	18872	    190.083889	    190.100268	0.0	      0.000000	410	159472	
