# -------------------------- o --------------------------
# File ID: TIC316254876.bary.0000.h5 
# -------------------------- o --------------------------
# Source:TICObj 
# MJD: 59410.338744366556	RA: 3h27m57.32s	DEC: 54d51m56.22s
# DELTAT:   0.671089	DELTAF(Hz):   2.980232	max_drift_rate:   4.000000	obs_length: 899.929866
# --------------------------
# Top_Hit_# 	Drift_Rate 	SNR 	Uncorrected_Frequency 	Corrected_Frequency 	Index 	freq_start 	freq_end 	SEFD 	SEFD_freq 	Coarse_Channel_Number 	Full_number_of_hits 	
# --------------------------
000001	  0.002169	1369.737549	    110.090653	    110.090653	45872	    110.079661	    110.101641	0.0	      0.000000	0	66639	
000002	  0.002169	 83.067284	    110.385478	    110.385478	13727	    110.374487	    110.396466	0.0	      0.000000	2	510	
000003	  0.002169	 12.614700	    111.645180	    111.645180	43197	    111.634189	    111.656169	0.0	      0.000000	8	3	
000004	  0.006508	 53.545918	    112.191335	    112.191335	29848	    112.180344	    112.202323	0.0	      0.000000	11	311	
000005	 -0.002169	 40.779812	    112.590495	    112.590495	32712	    112.579504	    112.601483	0.0	      0.000000	13	65	
000006	  0.017356	124.888229	    114.689669	    114.689669	16182	    114.678678	    114.700658	0.0	      0.000000	24	3126	
000007	  1.191036	 63.767963	    114.989317	    114.989317	51191	    114.978326	    115.000305	0.0	      0.000000	25	11380	
000008	  0.002169	 25.278315	    115.715296	    115.715296	32645	    115.704304	    115.726284	0.0	      0.000000	29	14	
000009	  0.004339	 11.650392	    117.490155	    117.490155	38365	    117.479164	    117.501143	0.0	      0.000000	38	2	
000010	  0.216946	 37.326927	    118.190265	    118.190265	11139	    118.179274	    118.201253	0.0	      0.000000	42	3932	
000011	 -0.080270	 31.564337	    118.340072	    118.340072	61406	    118.329081	    118.351061	0.0	      0.000000	42	3932	
000012	 -0.002169	 27.053194	    118.390093	    118.390093	12654	    118.379102	    118.401081	0.0	      0.000000	43	2640319	
000013	  0.002169	76590.023438	    118.465063	    118.465063	37810	    118.454072	    118.476052	0.0	      0.000000	43	2640319	
000014	  0.086779	46268.023438	    118.489680	    118.489680	46070	    118.478689	    118.500668	0.0	      0.000000	43	2640319	
000015	  0.065084	107.584023	    118.614999	    118.614999	22584	    118.604008	    118.625987	0.0	      0.000000	44	18765	
000016	 -0.032542	 10.351908	    118.740103	    118.740103	64562	    118.729112	    118.743003	0.0	      0.000000	44	18765	
000017	  0.622636	268.402740	    118.839711	    118.839711	32449	    118.828720	    118.850699	0.0	      0.000000	45	54679	
000018	 -0.021695	 57.851925	    118.890027	    118.890027	49332	    118.879036	    118.901015	0.0	      0.000000	45	54679	
000019	  0.097626	 35.611149	    118.915111	    118.915111	57749	    118.904120	    118.926099	0.0	      0.000000	45	54679	
000020	 -0.043389	 16.755875	    118.944791	    118.944791	2172	    118.938318	    118.955780	0.0	      0.000000	46	1621690	
000021	  0.101965	698941.937500	    118.964866	    118.964866	8908	    118.953875	    118.975854	0.0	      0.000000	46	1621690	
000022	 -0.002169	 31.187040	    118.990064	    118.990064	17363	    118.979073	    119.001052	0.0	      0.000000	46	1621690	
000023	 -0.008678	 28.862125	    119.051633	    119.051633	38022	    119.040642	    119.062621	0.0	      0.000000	46	1621690	
000024	  0.036881	302.212738	    119.140092	    119.140092	2168	    119.133631	    119.151080	0.0	      0.000000	47	27714	
000025	  0.002169	106.242645	    119.164888	    119.164888	10488	    119.153896	    119.175876	0.0	      0.000000	47	27714	
000026	 -0.073762	101005.242188	    119.365067	    119.365067	12121	    119.354076	    119.376055	0.0	      0.000000	48	872075	
000027	 -0.034711	166.753616	    119.598356	    119.598356	24864	    119.587365	    119.609344	0.0	      0.000000	49	254967	
000028	 -0.032542	1420.392944	    119.614992	    119.614992	30446	    119.604001	    119.625980	0.0	      0.000000	49	254967	
000029	 -0.080270	741.500732	    119.640133	    119.640133	38882	    119.629142	    119.651121	0.0	      0.000000	49	254967	
000030	  0.008678	 10.716658	    119.665018	    119.665018	47232	    119.654027	    119.676006	0.0	      0.000000	49	254967	
000031	 -0.002169	 30.254303	    119.740007	    119.740007	6858	    119.729016	    119.750995	0.0	      0.000000	50	298665	
000032	 -0.041220	13566.492188	    119.889886	    119.889886	57149	    119.878895	    119.900874	0.0	      0.000000	50	298665	
000033	  0.088948	 12.135230	    120.039794	    120.039794	41914	    120.028803	    120.050782	0.0	      0.000000	51	35	
000034	  0.002169	 18.072121	    120.096371	    120.096371	60898	    120.085380	    120.107359	0.0	      0.000000	51	35	
000035	 -0.021695	 15.266006	    120.290068	    120.290068	60356	    120.279077	    120.301056	0.0	      0.000000	52	574	
000036	  0.023864	9279.480469	    120.340023	    120.340023	11582	    120.329032	    120.351011	0.0	      0.000000	53	189020	
000037	 -0.772329	 70.190170	    120.465261	    120.465261	53605	    120.454270	    120.476249	0.0	      0.000000	53	189020	
000038	  0.002169	 73.265602	    120.514971	    120.514971	4749	    120.503980	    120.525960	0.0	      0.000000	54	5767	
000039	 -0.002169	 35.596024	    120.540202	    120.540202	13215	    120.529211	    120.551190	0.0	      0.000000	54	5767	
000040	 -0.004339	 62.622250	    120.564977	    120.564977	21528	    120.553986	    120.575965	0.0	      0.000000	54	5767	
000041	  0.002169	 16.756533	    120.664958	    120.664958	55076	    120.653967	    120.675946	0.0	      0.000000	54	5767	
000042	  0.004339	194.295471	    120.739797	    120.739797	14652	    120.728806	    120.750785	0.0	      0.000000	55	20381	
000043	  0.002169	 15.083208	    121.023259	    121.023259	44230	    121.012268	    121.034247	0.0	      0.000000	56	11	
000044	 -0.008678	14678.934570	    121.282065	    121.282065	65535	    121.271074	    121.282065	0.0	      0.000000	57	39877	
000045	 -2.136922	1935.660278	    121.282068	    121.282068	0	    121.282068	    121.293056	0.0	      0.000000	58	6432398	
000046	  0.004339	353.374847	    121.282071	    121.282071	1	    121.282068	    121.293059	0.0	      0.000000	58	6432398	
000047	 -2.533934	29310.316406	    121.310863	    121.310863	9662	    121.299872	    121.321851	0.0	      0.000000	58	6432398	
000048	  3.959271	1725.273804	    121.334967	    121.334967	17750	    121.323976	    121.345956	0.0	      0.000000	58	6432398	
000049	 -0.084609	118889.148438	    121.365023	    121.365023	27835	    121.354032	    121.376011	0.0	      0.000000	58	6432398	
000050	 -3.965780	1220.244019	    121.394942	    121.394942	37874	    121.383951	    121.405930	0.0	      0.000000	58	6432398	
000051	  0.917683	39678.007812	    121.420393	    121.420393	46414	    121.409402	    121.431381	0.0	      0.000000	58	6432398	
000052	 -3.972288	4880.763672	    121.451155	    121.451155	56736	    121.440164	    121.462143	0.0	      0.000000	58	6432398	
000053	 -3.406058	228.650909	    121.477354	    121.477354	65527	    121.466363	    121.477378	0.0	      0.000000	58	6432398	
000054	  0.002169	13997.534180	    121.764911	    121.764911	30943	    121.753920	    121.775899	0.0	      0.000000	60	279445	
000055	 -0.015186	 91.725853	    121.889717	    121.889717	7285	    121.878726	    121.900705	0.0	      0.000000	61	120632	
000056	  1.134629	6500.319824	    121.989200	    121.989200	40666	    121.978209	    122.000188	0.0	      0.000000	61	120632	
000057	 -0.093287	501.591095	    122.164944	    122.164944	34100	    122.153953	    122.175932	0.0	      0.000000	62	60247	
000058	  0.002169	 28.759932	    122.264842	    122.264842	2084	    122.258631	    122.275830	0.0	      0.000000	63	242	
000059	  0.138846	 20.202951	    122.739849	    122.739849	30398	    122.728858	    122.750837	0.0	      0.000000	65	766	
000060	  0.004339	 19.735516	    122.955832	    122.955832	37334	    122.944841	    122.966820	0.0	      0.000000	66	57	
000061	  0.004339	 14.270500	    122.973830	    122.973830	43373	    122.962839	    122.984818	0.0	      0.000000	66	57	
000062	  0.004339	2902.273682	    123.044512	    123.044512	1554	    123.039881	    123.055500	0.0	      0.000000	67	100030	
000063	  0.006508	24963.062500	    123.239810	    123.239810	1549	    123.235193	    123.250798	0.0	      0.000000	68	884288	
000064	 -0.201760	6315.451172	    123.263866	    123.263866	9621	    123.252875	    123.274854	0.0	      0.000000	68	884288	
000065	 -0.151862	11353.311523	    123.439733	    123.439733	3096	    123.430506	    123.450721	0.0	      0.000000	69	168089	
000066	 -1.271306	424.071198	    123.615843	    123.615843	62189	    123.604852	    123.625815	0.0	      0.000000	69	168089	
000067	  0.368809	 16.737415	    123.639241	    123.639241	4504	    123.628250	    123.650229	0.0	      0.000000	70	21724	
000068	  0.075931	2848.906494	    123.814756	    123.814756	63397	    123.803765	    123.821128	0.0	      0.000000	70	21724	
000069	  0.002169	 21.576284	    123.889754	    123.889754	23026	    123.878763	    123.900742	0.0	      0.000000	71	14096	
000070	  0.075931	347.117432	    124.010057	    124.010057	63393	    123.999066	    124.016440	0.0	      0.000000	71	14096	
000071	 -0.147524	5577.988281	    124.064821	    124.064821	16233	    124.053830	    124.075810	0.0	      0.000000	72	117453	
000072	  0.049898	 27.314651	    124.089486	    124.089486	24509	    124.078495	    124.100474	0.0	      0.000000	72	117453	
000073	 -0.010847	245.220642	    124.164772	    124.164772	49771	    124.153781	    124.175761	0.0	      0.000000	72	117453	
000074	 -0.071592	 19.490332	    124.211690	    124.211690	65514	    124.200699	    124.211753	0.0	      0.000000	72	117453	
000075	  0.596602	8852.458984	    124.214340	    124.214340	867	    124.211756	    124.225328	0.0	      0.000000	73	5557839	
000076	  3.204298	8315.257812	    124.241701	    124.241701	10048	    124.230710	    124.252689	0.0	      0.000000	73	5557839	
000077	 -3.601310	1130.251465	    124.263227	    124.263227	17271	    124.252236	    124.274216	0.0	      0.000000	73	5557839	
000078	 -0.360131	38322.746094	    124.290064	    124.290064	26276	    124.279073	    124.301053	0.0	      0.000000	73	5557839	
000079	  3.688088	1089.666748	    124.316246	    124.316246	35061	    124.305255	    124.327234	0.0	      0.000000	73	5557839	
000080	 -3.972288	2531.496094	    124.338466	    124.338466	42517	    124.327475	    124.349454	0.0	      0.000000	73	5557839	
000081	  1.329881	28535.056641	    124.363614	    124.363614	50955	    124.352622	    124.374602	0.0	      0.000000	73	5557839	
000082	  3.868154	674.674927	    124.391032	    124.391032	60155	    124.380041	    124.402020	0.0	      0.000000	73	5557839	
000083	  1.414490	2251.791748	    124.408192	    124.408192	377	    124.407068	    124.419180	0.0	      0.000000	74	7441222	
000084	 -1.106426	21593.753906	    124.432615	    124.432615	8572	    124.421624	    124.443603	0.0	      0.000000	74	7441222	
000085	  3.195620	1584.579102	    124.464912	    124.464912	19409	    124.453921	    124.475900	0.0	      0.000000	74	7441222	
000086	 -0.284200	112946.578125	    124.489576	    124.489576	27685	    124.478585	    124.500564	0.0	      0.000000	74	7441222	
000087	 -3.141383	566.928040	    124.514085	    124.514085	35909	    124.503094	    124.525074	0.0	      0.000000	74	7441222	
000088	  0.878633	37167.109375	    124.546457	    124.546457	46771	    124.535466	    124.557445	0.0	      0.000000	74	7441222	
000089	 -2.605526	1777.629395	    124.571121	    124.571121	55047	    124.560130	    124.582109	0.0	      0.000000	74	7441222	
000090	 -3.987474	 73.545212	    124.595264	    124.595264	63148	    124.584273	    124.602378	0.0	      0.000000	74	7441222	
000091	  1.713876	132.106201	    124.612999	    124.612999	3563	    124.602381	    124.623988	0.0	      0.000000	75	6409982	
000092	 -0.245149	493392.875000	    124.639792	    124.639792	12553	    124.628801	    124.650780	0.0	      0.000000	75	6409982	
000093	 -0.251658	493392.875000	    124.639795	    124.639795	12554	    124.628804	    124.650783	0.0	      0.000000	75	6409982	
000094	  0.002169	 66.150787	    124.664715	    124.664715	20916	    124.653724	    124.675703	0.0	      0.000000	75	6409982	
000095	  0.459926	6682.230469	    124.681834	    124.681834	26660	    124.670843	    124.692822	0.0	      0.000000	75	6409982	
000096	 -2.570814	143.475296	    124.709043	    124.709043	35790	    124.698052	    124.720031	0.0	      0.000000	75	6409982	
000097	  0.728940	3508.851074	    124.724049	    124.724049	40825	    124.713058	    124.735037	0.0	      0.000000	75	6409982	
000098	 -1.308187	322.051208	    124.750868	    124.750868	49824	    124.739877	    124.761856	0.0	      0.000000	75	6409982	
000099	  0.023864	3589.087402	    124.764723	    124.764723	54473	    124.753732	    124.775711	0.0	      0.000000	75	6409982	
000100	 -1.180188	5065.466309	    124.793137	    124.793137	64007	    124.782145	    124.797690	0.0	      0.000000	75	6409982	
000101	 -0.008678	 17.225809	    124.894405	    124.894405	32451	    124.883414	    124.905393	0.0	      0.000000	76	10259274	
000102	  1.959026	128.300385	    124.907631	    124.907631	36889	    124.896640	    124.918619	0.0	      0.000000	76	10259274	
000103	 -0.091117	159.771194	    124.924300	    124.924300	42482	    124.913308	    124.935288	0.0	      0.000000	76	10259274	
000104	 -0.127998	347171.718750	    124.939517	    124.939517	47588	    124.928526	    124.950505	0.0	      0.000000	76	10259274	
000105	 -0.555383	4297.459473	    124.955020	    124.955020	52790	    124.944029	    124.966008	0.0	      0.000000	76	10259274	
000106	  0.073762	142.170837	    124.969760	    124.969760	57736	    124.958769	    124.980748	0.0	      0.000000	76	10259274	
000107	  0.462096	338.099304	    125.064469	    125.064469	23979	    125.053478	    125.075457	0.0	      0.000000	77	403254	
000108	 -0.830905	51831.589844	    125.140071	    125.140071	49347	    125.129080	    125.151059	0.0	      0.000000	77	403254	
000109	  0.006508	 11.724147	    125.189621	    125.189621	437	    125.188318	    125.200609	0.0	      0.000000	78	356	
000110	  0.002169	 14.737956	    125.614649	    125.614649	11981	    125.603658	    125.625638	0.0	      0.000000	80	2	
000111	  0.043389	 17.130453	    125.939197	    125.939197	55345	    125.928206	    125.950185	0.0	      0.000000	81	862	
000112	 -0.238641	 23.778137	    125.968647	    125.968647	65227	    125.957656	    125.969565	0.0	      0.000000	81	862	
000113	  0.342775	31843.275391	    126.041794	    126.041794	24235	    126.030803	    126.052782	0.0	      0.000000	82	11612218	
000114	 -0.019525	176.813339	    126.066202	    126.066202	32425	    126.055211	    126.077190	0.0	      0.000000	82	11612218	
000115	 -0.047728	406448.343750	    126.139427	    126.139427	56995	    126.128436	    126.150415	0.0	      0.000000	82	11612218	
000116	 -0.125829	 10.910637	    126.334736	    126.334736	56994	    126.323745	    126.345724	0.0	      0.000000	83	32	
000117	  0.093287	344.423828	    126.489434	    126.489434	43366	    126.478443	    126.500422	0.0	      0.000000	84	79757	
000118	  0.327589	206.274078	    126.872749	    126.872749	40913	    126.861757	    126.883737	0.0	      0.000000	86	12659	
000119	  0.002169	 99.829903	    127.089543	    127.089543	48121	    127.078551	    127.100531	0.0	      0.000000	87	397	
000120	  0.002169	 44.600887	    127.144206	    127.144206	927	    127.141443	    127.155194	0.0	      0.000000	88	47850	
000121	  0.002169	 55.948029	    127.164534	    127.164534	7748	    127.153543	    127.175522	0.0	      0.000000	88	47850	
000122	  0.197421	602.473022	    127.189330	    127.189330	16068	    127.178339	    127.200318	0.0	      0.000000	88	47850	
000123	  0.002169	 21.246513	    127.289641	    127.289641	49727	    127.278650	    127.300629	0.0	      0.000000	88	47850	
000124	  0.002169	220.942322	    127.339507	    127.339507	923	    127.336756	    127.350495	0.0	      0.000000	89	9403	
000125	  0.004339	 12.323298	    127.614555	    127.614555	27678	    127.603564	    127.625543	0.0	      0.000000	90	72948	
000126	  0.193082	151.542526	    127.664510	    127.664510	44440	    127.653519	    127.675498	0.0	      0.000000	90	72948	
000127	 -0.112812	56927.910156	    127.839342	    127.839342	37568	    127.828351	    127.850330	0.0	      0.000000	91	330367	
000128	 -0.190913	71569.078125	    127.956301	    127.956301	11277	    127.945310	    127.967290	0.0	      0.000000	92	443680	
000129	  0.002169	918.057922	    128.089509	    128.089509	55974	    128.078518	    128.100497	0.0	      0.000000	92	443680	
000130	 -0.002169	 64.992714	    128.139466	    128.139466	7201	    128.128475	    128.150455	0.0	      0.000000	93	140034	
000131	 -0.141015	4574.439941	    128.264177	    128.264177	49047	    128.253186	    128.275165	0.0	      0.000000	93	140034	
000132	  0.036881	 56.079334	    128.322730	    128.322730	3158	    128.313318	    128.333718	0.0	      0.000000	94	3044	
000133	 -0.026034	 17.443991	    128.519115	    128.519115	3518	    128.508631	    128.530103	0.0	      0.000000	95	1748	
000134	  0.099795	 23.318071	    128.664285	    128.664285	52229	    128.653294	    128.675273	0.0	      0.000000	95	1748	
000135	 -0.017356	1857.017944	    128.714413	    128.714413	3513	    128.703943	    128.725401	0.0	      0.000000	96	108211	
000136	  0.002169	 14.383220	    129.118225	    129.118225	7938	    129.107234	    129.129214	0.0	      0.000000	98	11	
000137	 -0.056406	488.247589	    129.314483	    129.314483	8255	    129.303492	    129.325471	0.0	      0.000000	99	32926	
000138	 -0.028203	36230.257812	    129.564399	    129.564399	26577	    129.553408	    129.575387	0.0	      0.000000	100	824438	
000139	  0.056406	 23.379555	    129.914329	    129.914329	12922	    129.903338	    129.925317	0.0	      0.000000	102	269	
000140	 -0.071592	151.465515	    130.189217	    130.189217	39623	    130.178225	    130.200205	0.0	      0.000000	103	16839	
000141	 -0.032542	596.059021	    130.763987	    130.763987	35876	    130.752996	    130.774975	0.0	      0.000000	106	60130	
000142	 -0.136676	 79.716278	    130.789268	    130.789268	44359	    130.778277	    130.800257	0.0	      0.000000	106	60130	
000143	 -1.030495	 48.815556	    131.242606	    131.242606	65402	    131.231615	    131.243003	0.0	      0.000000	108	7878	
000144	  1.720385	30900.830078	    131.262836	    131.262836	6654	    131.251845	    131.273824	0.0	      0.000000	109	5187348	
000145	  1.674826	30900.830078	    131.262875	    131.262875	6667	    131.251884	    131.273863	0.0	      0.000000	109	5187348	
000146	  0.006508	359.186707	    131.339303	    131.339303	32312	    131.328312	    131.350291	0.0	      0.000000	109	5187348	
000147	 -0.551044	36021.125000	    131.364778	    131.364778	40860	    131.353787	    131.375766	0.0	      0.000000	109	5187348	
000148	  0.036881	3015.449707	    131.443689	    131.443689	1802	    131.438318	    131.454677	0.0	      0.000000	110	111431	
000149	 -0.017356	 97.162880	    131.464696	    131.464696	8851	    131.453705	    131.475684	0.0	      0.000000	110	111431	
000150	  0.006508	 20.160378	    131.575907	    131.575907	46167	    131.564916	    131.586895	0.0	      0.000000	110	111431	
000151	 -0.151862	2176.085449	    131.589306	    131.589306	50663	    131.578315	    131.600294	0.0	      0.000000	110	111431	
000152	  0.062914	43232.449219	    131.638962	    131.638962	1789	    131.633631	    131.649951	0.0	      0.000000	111	259629	
000153	 -0.399181	555.072144	    131.814391	    131.814391	60653	    131.803400	    131.825379	0.0	      0.000000	111	259629	
000154	 -0.004339	700.955566	    131.913841	    131.913841	28487	    131.902850	    131.924829	0.0	      0.000000	112	125829	
000155	  0.010847	 12.980511	    131.964478	    131.964478	45478	    131.953487	    131.975466	0.0	      0.000000	112	125829	
000156	  0.357962	 12.683193	    132.172272	    132.172272	49666	    132.161281	    132.183260	0.0	      0.000000	113	877	
000157	  0.088948	1877.058350	    132.539148	    132.539148	41697	    132.528156	    132.550136	0.0	      0.000000	115	95188	
000158	 -0.062914	9539.087891	    132.864094	    132.864094	19659	    132.853103	    132.875082	0.0	      0.000000	117	232952	
000159	  0.197421	736.685669	    132.955733	    132.955733	50408	    132.944742	    132.966721	0.0	      0.000000	117	232952	
000160	  0.182235	561.589417	    133.122364	    133.122364	40784	    133.111373	    133.133352	0.0	      0.000000	118	72337	
000161	 -0.078101	450.303436	    133.239398	    133.239398	14518	    133.228407	    133.250386	0.0	      0.000000	119	627896	
000162	 -1.306017	103839.984375	    133.348334	    133.348334	51071	    133.337343	    133.359322	0.0	      0.000000	119	627896	
000163	 -0.056406	182.015610	    133.593646	    133.593646	2312	    133.586756	    133.604634	0.0	      0.000000	121	30632	
000164	 -0.013017	4961.616211	    133.788923	    133.788923	2300	    133.782068	    133.799911	0.0	      0.000000	122	216697	
000165	  0.097626	 61.097492	    133.847136	    133.847136	21833	    133.836145	    133.858124	0.0	      0.000000	122	216697	
000166	  0.002169	227.033478	    133.889136	    133.889136	35926	    133.878145	    133.900124	0.0	      0.000000	122	216697	
000167	  0.431723	208.341660	    133.947215	    133.947215	55414	    133.936224	    133.958203	0.0	      0.000000	122	216697	
000168	  0.002169	 90.360443	    133.989013	    133.989013	3903	    133.978022	    134.000001	0.0	      0.000000	123	180408	
000169	  0.117151	7112.271484	    134.038920	    134.038920	20649	    134.027929	    134.049908	0.0	      0.000000	123	180408	
000170	  0.002169	798.467529	    134.139121	    134.139121	54271	    134.128130	    134.150109	0.0	      0.000000	123	180408	
000171	 -0.017356	188.179047	    134.314138	    134.314138	47461	    134.303147	    134.325126	0.0	      0.000000	124	17435	
000172	 -0.739787	 16.421436	    134.339062	    134.339062	55824	    134.328071	    134.350050	0.0	      0.000000	124	17435	
000173	 -0.030372	15941.944336	    134.439162	    134.439162	23876	    134.428171	    134.450150	0.0	      0.000000	125	580712	
000174	  0.019525	 37.826801	    134.464097	    134.464097	32243	    134.453106	    134.475086	0.0	      0.000000	125	580712	
000175	 -0.019525	1506.879395	    134.538818	    134.538818	57315	    134.527827	    134.549806	0.0	      0.000000	125	580712	
000176	  0.301555	 14.956096	    134.568838	    134.568838	1852	    134.563318	    134.579826	0.0	      0.000000	126	255	
000177	  0.308064	302.517792	    134.764135	    134.764135	1847	    134.758631	    134.775123	0.0	      0.000000	127	33178	
000178	  0.075931	 86.944595	    134.797126	    134.797126	12917	    134.786135	    134.808115	0.0	      0.000000	127	33178	
000179	 -0.316742	4543.792969	    135.014189	    135.014189	20215	    135.003198	    135.025177	0.0	      0.000000	128	117733	
000180	  0.034711	13463.778320	    135.380653	    135.380653	12108	    135.369662	    135.391641	0.0	      0.000000	130	534874	
000181	 -0.021695	240.059357	    135.597083	    135.597083	19194	    135.586092	    135.608072	0.0	      0.000000	131	19656	
000182	  0.004339	 16.117659	    135.655666	    135.655666	38851	    135.644675	    135.666654	0.0	      0.000000	131	19656	
000183	 -0.750634	 40.815712	    135.764492	    135.764492	9831	    135.753501	    135.775480	0.0	      0.000000	132	130721	
000184	 -0.149693	5372.379395	    135.889024	    135.889024	51617	    135.878033	    135.900012	0.0	      0.000000	132	130721	
000185	 -0.162710	30100.644531	    136.072386	    136.072386	47607	    136.061395	    136.083374	0.0	      0.000000	133	266526	
000186	 -0.019525	 35.104156	    136.138946	    136.138946	4405	    136.127955	    136.149934	0.0	      0.000000	134	4179	
000187	 -2.130413	 20.013836	    136.530918	    136.530918	4857	    136.519927	    136.541906	0.0	      0.000000	136	267702	
000188	 -0.026034	489.399872	    136.555511	    136.555511	13109	    136.544520	    136.566499	0.0	      0.000000	136	267702	
000189	  0.071592	58093.085938	    136.572183	    136.572183	18703	    136.561192	    136.583171	0.0	      0.000000	136	267702	
000190	 -0.080270	279.386200	    136.639032	    136.639032	41134	    136.628041	    136.650020	0.0	      0.000000	136	267702	
000191	 -3.067622	 18.430834	    136.816067	    136.816067	35001	    136.805076	    136.827055	0.0	      0.000000	137	731157	
000192	 -1.366762	 17.716543	    136.862690	    136.862690	50645	    136.851699	    136.873678	0.0	      0.000000	137	731157	
000193	  0.075931	 32.235550	    136.914388	    136.914388	2456	    136.907068	    136.925376	0.0	      0.000000	138	3481585	
000194	  0.141015	 33.254093	    137.065500	    137.065500	53161	    137.054509	    137.076489	0.0	      0.000000	138	3481585	
000195	 -3.425583	 29.660063	    137.194276	    137.194276	30835	    137.183285	    137.205264	0.0	      0.000000	139	876279	
000196	  0.909005	1407.829102	    137.538141	    137.538141	15145	    137.527150	    137.549130	0.0	      0.000000	141	9148592	
000197	 -3.837781	134.633087	    137.799752	    137.799752	37391	    137.788761	    137.810740	0.0	      0.000000	142	9235188	
000198	 -3.633852	 98.238388	    137.858209	    137.858209	57006	    137.847218	    137.869198	0.0	      0.000000	142	9235188	
000199	 -0.043389	234.579620	    138.113845	    138.113845	11711	    138.102854	    138.124833	0.0	      0.000000	144	20649	
000200	 -0.410029	 28.313194	    138.364026	    138.364026	30122	    138.353035	    138.375014	0.0	      0.000000	145	4329	
000201	  0.811379	 80.861893	    139.238540	    139.238540	61416	    139.227549	    139.249528	0.0	      0.000000	149	28765	
000202	  1.197544	 97.319603	    139.312971	    139.312971	20855	    139.301980	    139.323959	0.0	      0.000000	150	34168	
000203	  0.008678	 23.037001	    139.363862	    139.363862	37931	    139.352870	    139.374850	0.0	      0.000000	150	34168	
000204	 -0.425215	186.871277	    140.664053	    140.664053	15451	    140.653062	    140.675042	0.0	      0.000000	157	22544	
000205	 -0.123659	 16.657190	    142.513696	    142.513696	46264	    142.502705	    142.524684	0.0	      0.000000	166	145	
000206	  2.594679	 85.336243	    143.711302	    143.711302	54898	    143.700311	    143.722290	0.0	      0.000000	172	17175	
000207	 -0.043389	103.823982	    143.863211	    143.863211	40334	    143.852219	    143.874199	0.0	      0.000000	173	29948	
000208	  0.368809	 24.914648	    144.354919	    144.354919	8716	    144.343928	    144.365907	0.0	      0.000000	176	153819	
000209	  0.002169	1016.201050	    144.494483	    144.494483	55546	    144.483492	    144.505471	0.0	      0.000000	176	153819	
000210	  0.002169	332.591644	    144.568462	    144.568462	14833	    144.557471	    144.579450	0.0	      0.000000	177	18917	
000211	  0.221285	 13.160624	    144.588826	    144.588826	21666	    144.577834	    144.599814	0.0	      0.000000	177	18917	
000212	  0.397012	 10.864806	    144.762719	    144.762719	14479	    144.751728	    144.773707	0.0	      0.000000	178	49063	
000213	 -0.002169	 61.189770	    144.888103	    144.888103	56551	    144.877112	    144.899092	0.0	      0.000000	178	49063	
000214	 -2.787761	 21.958847	    145.290807	    145.290807	60604	    145.279816	    145.301795	0.0	      0.000000	180	2006	
000215	  0.193082	 20.850447	    145.675999	    145.675999	58781	    145.665008	    145.686987	0.0	      0.000000	182	4303587	
000216	  0.002169	 65.290482	    145.738507	    145.738507	14219	    145.727516	    145.749495	0.0	      0.000000	183	263579	
000217	 -0.034711	3340.049561	    145.750776	    145.750776	18336	    145.739785	    145.761764	0.0	      0.000000	183	263579	
000218	 -0.427384	224.112961	    145.763642	    145.763642	22653	    145.752651	    145.774630	0.0	      0.000000	183	263579	
000219	 -0.004339	102.750031	    145.813105	    145.813105	39250	    145.802114	    145.824093	0.0	      0.000000	183	263579	
000220	 -3.397380	 34.375725	    146.028734	    146.028734	46067	    146.017743	    146.039722	0.0	      0.000000	184	1779952	
000221	 -3.755342	 51.587746	    146.047453	    146.047453	52348	    146.036461	    146.058441	0.0	      0.000000	184	1779952	
000222	 -0.004339	 15.310170	    146.550203	    146.550203	24435	    146.539212	    146.561191	0.0	      0.000000	187	97	
000223	  1.032665	 20.576038	    147.788105	    147.788105	46590	    147.777114	    147.799093	0.0	      0.000000	193	3070	
000224	  0.351453	1830.862793	    147.988621	    147.988621	48336	    147.977630	    147.999609	0.0	      0.000000	194	64006	
000225	  0.002169	120.711189	    148.303771	    148.303771	23011	    148.292780	    148.314760	0.0	      0.000000	196	101640	
000226	  0.013017	 14.029502	    148.375667	    148.375667	47135	    148.364675	    148.386655	0.0	      0.000000	196	101640	
000227	  0.004339	 11.807207	    148.450569	    148.450569	6732	    148.439578	    148.461557	0.0	      0.000000	197	21412	
000228	  0.008678	 34.015137	    148.604215	    148.604215	58287	    148.593224	    148.615203	0.0	      0.000000	197	21412	
000229	  0.002169	103.369759	    149.096558	    149.096558	26882	    149.085567	    149.107546	0.0	      0.000000	200	160976	
000230	  1.308187	 27.959019	    149.471683	    149.471683	21681	    149.460692	    149.482671	0.0	      0.000000	202	19401	
000231	  0.004339	143.755707	    150.088108	    150.088108	31911	    150.077117	    150.099096	0.0	      0.000000	205	1087	
000232	  0.852599	232.376053	    150.388042	    150.388042	1480	    150.383631	    150.399030	0.0	      0.000000	207	38617	
000233	  1.136799	 38.237381	    150.538463	    150.538463	51953	    150.527472	    150.549451	0.0	      0.000000	207	38617	
000234	  0.004339	 67.118912	    150.837711	    150.837711	21292	    150.826720	    150.848699	0.0	      0.000000	209	221	
000235	  0.494638	1185.811035	    150.987927	    150.987927	6160	    150.976935	    150.998915	0.0	      0.000000	210	69020	
000236	  0.002169	114.850945	    151.063043	    151.063043	31365	    151.052052	    151.074031	0.0	      0.000000	210	69020	
000237	  0.572738	968.720276	    151.288352	    151.288352	41430	    151.277361	    151.299340	0.0	      0.000000	211	48185	
000238	  0.893819	1448.797241	    151.687250	    151.687250	44206	    151.676259	    151.698238	0.0	      0.000000	213	47795	
000239	  0.004339	 10.798656	    155.337415	    155.337415	23814	    155.326423	    155.348403	0.0	      0.000000	232	2	
000240	 -0.093287	 42.627495	    155.862058	    155.862058	3247	    155.852381	    155.873046	0.0	      0.000000	235	65991	
000241	 -0.019525	258.592957	    155.887419	    155.887419	11757	    155.876428	    155.898408	0.0	      0.000000	235	65991	
000242	  0.002169	 73.772629	    156.337712	    156.337712	31778	    156.326721	    156.348700	0.0	      0.000000	237	3152	
000243	 -0.303725	 35.216305	    156.387824	    156.387824	48593	    156.376833	    156.398812	0.0	      0.000000	237	3152	
000244	  0.772329	 40.467236	    156.512237	    156.512237	24803	    156.501246	    156.523225	0.0	      0.000000	238	6626	
000245	  0.004339	 33.609875	    156.637297	    156.637297	1230	    156.633631	    156.648285	0.0	      0.000000	239	261521	
000246	  0.021695	437.277679	    156.712679	    156.712679	26524	    156.701687	    156.723667	0.0	      0.000000	239	261521	
000247	 -0.188743	743.083313	    156.737754	    156.737754	34938	    156.726763	    156.748742	0.0	      0.000000	239	261521	
000248	  0.275522	 77.875954	    156.762350	    156.762350	43191	    156.751359	    156.773338	0.0	      0.000000	239	261521	
000249	 -0.002169	 99.520508	    156.812329	    156.812329	59961	    156.801337	    156.823317	0.0	      0.000000	239	261521	
000250	 -0.644331	 38.615829	    156.838042	    156.838042	3053	    156.828943	    156.849030	0.0	      0.000000	240	32690	
000251	 -0.130168	1124.657471	    156.887785	    156.887785	19744	    156.876794	    156.898773	0.0	      0.000000	240	32690	
000252	 -0.017356	 14.776724	    156.962666	    156.962666	44870	    156.951675	    156.973654	0.0	      0.000000	240	32690	
000253	  0.028203	2105.376465	    157.462162	    157.462162	15865	    157.451171	    157.473150	0.0	      0.000000	243	112597	
000254	  0.865616	2420.833008	    157.536900	    157.536900	40943	    157.525909	    157.547889	0.0	      0.000000	243	112597	
000255	  0.010847	3803.145264	    157.946513	    157.946513	47314	    157.935521	    157.957501	0.0	      0.000000	245	10065435	
000256	  0.004339	122.238495	    159.712789	    159.712789	50154	    159.701798	    159.723777	0.0	      0.000000	254	53480	
000257	  0.002169	238.177139	    160.087473	    160.087473	44805	    160.076482	    160.098461	0.0	      0.000000	256	1996	
000258	 -0.004339	 12.575802	    160.103080	    160.103080	50042	    160.092089	    160.114068	0.0	      0.000000	256	1996	
000259	  0.006508	 17.314661	    160.209117	    160.209117	20086	    160.198126	    160.220105	0.0	      0.000000	257	94	
000260	  0.002169	 11.053338	    161.012432	    161.012432	27490	    161.001441	    161.023421	0.0	      0.000000	261	4	
000261	  0.002169	29776.207031	    161.324782	    161.324782	1225	    161.321131	    161.335770	0.0	      0.000000	263	11225132	
000262	 -0.004339	 12.010184	    161.515886	    161.515886	65349	    161.504895	    161.516440	0.0	      0.000000	263	11225132	
000263	  0.008678	6691.701660	    161.528478	    161.528478	4038	    161.517486	    161.539466	0.0	      0.000000	264	12239749	
000264	  0.026034	 26.835346	    161.712313	    161.712313	187	    161.711756	    161.723301	0.0	      0.000000	265	3503	
000265	 -0.002169	 31.370047	    161.837429	    161.837429	42169	    161.826438	    161.848417	0.0	      0.000000	265	3503	
000266	 -0.002169	 83.733154	    161.887381	    161.887381	58930	    161.876390	    161.898369	0.0	      0.000000	265	3503	
000267	  0.088948	 17.151089	    161.987269	    161.987269	26911	    161.976278	    161.998257	0.0	      0.000000	266	8799369	
000268	  0.006508	 14.101030	    162.037358	    162.037358	43718	    162.026367	    162.048346	0.0	      0.000000	266	8799369	
000269	  0.075931	103.010864	    162.062037	    162.062037	51999	    162.051046	    162.073026	0.0	      0.000000	266	8799369	
000270	  0.021695	116.005814	    162.112457	    162.112457	3381	    162.102381	    162.123445	0.0	      0.000000	267	8443874	
000271	 -0.078101	189.147385	    162.337754	    162.337754	13442	    162.326763	    162.348742	0.0	      0.000000	268	33678	
000272	 -0.002169	 23.172701	    162.587315	    162.587315	31645	    162.576324	    162.598303	0.0	      0.000000	269	27	
000273	 -0.160540	 18.790861	    164.711860	    164.711860	23628	    164.700869	    164.722848	0.0	      0.000000	280	1668	
000274	 -0.028203	 57.919209	    165.911821	    165.911821	33052	    165.900830	    165.922809	0.0	      0.000000	286	2925	
000275	 -0.010847	111.524429	    166.187141	    166.187141	59898	    166.176150	    166.198129	0.0	      0.000000	287	2809	
000276	 -0.002169	672.272400	    166.236890	    166.236890	11055	    166.225899	    166.247878	0.0	      0.000000	288	140129	
000277	  0.008678	381.187714	    166.311986	    166.311986	36253	    166.300995	    166.322974	0.0	      0.000000	288	140129	
000278	  0.004339	 55.543526	    166.349799	    166.349799	48941	    166.338808	    166.360787	0.0	      0.000000	288	140129	
000279	  0.002169	 38.659134	    166.374302	    166.374302	57163	    166.363311	    166.385290	0.0	      0.000000	288	140129	
000280	 -0.004339	132.816513	    166.412083	    166.412083	4304	    166.401092	    166.423071	0.0	      0.000000	289	3936	
000281	  0.002169	 10.029034	    166.753716	    166.753716	53401	    166.742725	    166.764704	0.0	      0.000000	290	1	
000282	 -0.008678	766.907959	    167.124320	    167.124320	46683	    167.113328	    167.135308	0.0	      0.000000	292	203809	
000283	  0.002169	220.638504	    167.998049	    167.998049	12178	    167.987058	    168.009037	0.0	      0.000000	297	1349664	
000284	  0.004339	 19.591864	    168.836916	    168.836916	31511	    168.825925	    168.847904	0.0	      0.000000	301	13	
000285	 -0.030372	1622.695557	    169.170440	    169.170440	12351	    169.159449	    169.181428	0.0	      0.000000	303	5224589	
000286	  0.019525	115.467361	    169.775814	    169.775814	18873	    169.764823	    169.786802	0.0	      0.000000	306	15878474	
000287	  0.008678	 78.097969	    169.802219	    169.802219	27733	    169.791228	    169.813207	0.0	      0.000000	306	15878474	
000288	  0.017356	30555.890625	    169.882641	    169.882641	54718	    169.871650	    169.893629	0.0	      0.000000	306	15878474	
000289	  0.002169	3746.768799	    170.086837	    170.086837	57699	    170.075846	    170.097825	0.0	      0.000000	307	1528649	
000290	  0.882972	104.553223	    170.352757	    170.352757	15855	    170.341766	    170.363746	0.0	      0.000000	309	333564	
000291	 -0.088948	 31.623217	    171.261308	    171.261308	58570	    171.250317	    171.272296	0.0	      0.000000	313	920	
000292	  0.002169	 11.350906	    171.490288	    171.490288	4331	    171.479297	    171.501276	0.0	      0.000000	315	5	
000293	  0.459926	 39.913403	    171.861268	    171.861268	63275	    171.850276	    171.868003	0.0	      0.000000	316	3322	
000294	 -0.002169	 11.997994	    171.961719	    171.961719	31445	    171.950728	    171.972707	0.0	      0.000000	317	66	
000295	  0.279861	 10.867311	    172.056649	    172.056649	63298	    172.045657	    172.063315	0.0	      0.000000	317	66	
000296	  3.479820	 18.491344	    172.315506	    172.315506	19084	    172.304514	    172.326494	0.0	      0.000000	319	101401	
000297	  0.028203	502.206390	    172.342852	    172.342852	28260	    172.331861	    172.353840	0.0	      0.000000	319	101401	
000298	 -1.334220	 39.026348	    172.687823	    172.687823	12941	    172.676832	    172.698811	0.0	      0.000000	321	98368	
000299	  0.006508	587.300476	    172.717846	    172.717846	23015	    172.706855	    172.728834	0.0	      0.000000	321	98368	
000300	  0.002169	209.846130	    173.155168	    173.155168	38684	    173.144177	    173.166156	0.0	      0.000000	323	219593	
000301	 -0.253827	1805.647095	    173.186222	    173.186222	49104	    173.175231	    173.197210	0.0	      0.000000	323	219593	
000302	 -0.867785	 18.185839	    173.286158	    173.286158	17101	    173.275167	    173.297146	0.0	      0.000000	324	2665	
000303	  0.006508	 12.306702	    173.861069	    173.861069	13401	    173.850078	    173.872057	0.0	      0.000000	327	68	
000304	  0.002169	120.711868	    175.086520	    175.086520	31378	    175.075528	    175.097508	0.0	      0.000000	333	351	
000305	 -0.195252	 16.188959	    178.235710	    178.235710	39495	    178.224719	    178.246698	0.0	      0.000000	349	553	
000306	  2.334343	 15.593048	    179.084275	    179.084275	62082	    179.073284	    179.094565	0.0	      0.000000	353	64	
000307	  0.008678	268.738861	    180.086199	    180.086199	5056	    180.075208	    180.097187	0.0	      0.000000	359	7771	
000308	 -0.017356	 23.951899	    180.103761	    180.103761	10949	    180.092770	    180.114750	0.0	      0.000000	359	7771	
000309	  0.004339	 13.542511	    180.718396	    180.718396	20578	    180.707404	    180.729384	0.0	      0.000000	362	7	
000310	 -0.002169	 28.286135	    181.238690	    181.238690	64088	    181.227699	    181.243003	0.0	      0.000000	364	518946	
000311	  0.002169	 23.632645	    184.404535	    184.404535	12257	    184.393543	    184.415523	0.0	      0.000000	381	2849625	
000312	 -0.002169	491.724396	    184.558642	    184.558642	63967	    184.547651	    184.563315	0.0	      0.000000	381	2849625	
000313	  0.004339	 76.388260	    187.585724	    187.585724	31111	    187.574733	    187.596712	0.0	      0.000000	397	250	
000314	 -3.199959	104.929817	    187.738464	    187.738464	16826	    187.727473	    187.749452	0.0	      0.000000	398	16463	
000315	  0.004339	 12.206367	    188.090671	    188.090671	3935	    188.079679	    188.101659	0.0	      0.000000	400	5	
000316	  0.004339	5465.911133	    190.085563	    190.085563	17950	    190.074572	    190.096552	0.0	      0.000000	410	1144554	
