# -------------------------- o --------------------------
# File ID: TIC431899140.bary.0000.h5 
# -------------------------- o --------------------------
# Source:TICObj 
# MJD: 59410.349694414050	RA: 3h44m53.41s	DEC: 45d30m25.88s
# DELTAT:   0.671089	DELTAF(Hz):   2.980232
# --------------------------
# Top_Hit_# 	Drift_Rate 	SNR 	Uncorrected_Frequency 	Corrected_Frequency 	Index 	freq_start 	freq_end 	SEFD 	SEFD_freq 	Coarse_Channel_Number 	Full_number_of_hits 	
# --------------------------
001	  0.006623	 83.318429	    110.090307	    110.090307	45873	    110.082114	    110.098493	0.0	      0.000000	0	342	
002	 -0.596093	 35.780352	    111.034638	    111.034638	35058	    111.026445	    111.042825	0.0	      0.000000	5	5358	
003	 -2.338009	 45.392217	    111.044729	    111.044729	38444	    111.036536	    111.052916	0.0	      0.000000	5	5358	
004	  0.013247	205.692633	    111.290440	    111.290440	55355	    111.282247	    111.298627	0.0	      0.000000	6	12527	
005	  0.013247	 13.690827	    112.290108	    112.290108	63108	    112.281916	    112.297341	0.0	      0.000000	11	9	
006	  0.009935	 20.316695	    112.590137	    112.590137	32709	    112.581945	    112.598324	0.0	      0.000000	13	31	
007	  0.009935	293.199030	    113.390428	    113.390428	39098	    113.382235	    113.398615	0.0	      0.000000	17	21642	
008	  0.019870	 10.421828	    113.932818	    113.932818	24486	    113.924626	    113.941005	0.0	      0.000000	20	4	
009	  0.009935	 82.223280	    114.690498	    114.690498	16577	    114.682305	    114.698684	0.0	      0.000000	24	7757	
010	  0.003312	243.229084	    114.990163	    114.990163	51592	    114.981970	    114.998350	0.0	      0.000000	25	31369	
011	  0.006623	198.673992	    115.890336	    115.890336	25960	    115.882144	    115.898523	0.0	      0.000000	30	6917	
012	  0.009935	156.496724	    117.490274	    117.490274	38522	    117.482081	    117.498461	0.0	      0.000000	38	19665	
013	  0.043051	 14.028914	    117.614901	    117.614901	14804	    117.606709	    117.623088	0.0	      0.000000	39	120	
014	 -0.450381	 43.644858	    118.589002	    118.589002	13978	    118.580809	    118.597189	0.0	      0.000000	44	4765	
015	  1.486921	 11.071577	    118.689326	    118.689326	47641	    118.681133	    118.697512	0.0	      0.000000	44	4765	
016	  0.413953	 97.675776	    118.789506	    118.789506	15720	    118.781313	    118.797693	0.0	      0.000000	45	37700	
017	  0.086102	591.257830	    118.864861	    118.864861	41005	    118.856669	    118.873048	0.0	      0.000000	45	37700	
018	 -0.009935	 56.745431	    119.164699	    119.164699	10542	    119.156507	    119.172886	0.0	      0.000000	47	4054	
019	 -0.089414	 16.535918	    119.389972	    119.389972	20595	    119.381780	    119.398159	0.0	      0.000000	48	220	
020	  0.023181	 10.145078	    119.742978	    119.742978	7972	    119.734785	    119.751164	0.0	      0.000000	50	2	
021	 -1.129265	 62.162908	    119.989848	    119.989848	25272	    119.981656	    119.998035	0.0	      0.000000	51	9639	
022	  0.013247	 66.289995	    120.089635	    120.089635	58755	    120.081443	    120.097822	0.0	      0.000000	51	9639	
023	  0.009935	 35.963441	    120.814678	    120.814678	39895	    120.806486	    120.822865	0.0	      0.000000	55	28914	
024	 -0.036428	2750.764278	    120.839927	    120.839927	48367	    120.831734	    120.848113	0.0	      0.000000	55	28914	
025	  0.009935	123.648810	    121.014479	    121.014479	41401	    121.006286	    121.022666	0.0	      0.000000	56	1941	
026	  1.129265	1976.125073	    121.189004	    121.189004	34426	    121.180812	    121.197191	0.0	      0.000000	57	46470	
027	 -0.188763	115.174448	    121.294153	    121.294153	4172	    121.285960	    121.302340	0.0	      0.000000	58	6128	
028	 -0.202009	23573.261976	    121.489459	    121.489459	4170	    121.481267	    121.497646	0.0	      0.000000	59	283852	
029	  0.003312	 63.016193	    121.889523	    121.889523	7337	    121.881330	    121.897710	0.0	      0.000000	61	1801	
030	  0.023181	 13.643702	    121.939427	    121.939427	24082	    121.931234	    121.947614	0.0	      0.000000	61	1801	
031	  0.473563	 13.108273	    123.514423	    123.514423	28275	    123.506230	    123.522610	0.0	      0.000000	69	16	
032	 -0.056298	12267.862445	    123.864511	    123.864511	14673	    123.856318	    123.872698	0.0	      0.000000	71	196502	
033	  0.026493	 28.701212	    124.614319	    124.614319	4123	    124.606127	    124.622506	0.0	      0.000000	75	68236	
034	 -0.003312	2083.247215	    124.789316	    124.789316	62842	    124.781123	    124.797341	0.0	      0.000000	75	68236	
035	  0.072856	 48.176381	    124.914351	    124.914351	39261	    124.906159	    124.922538	0.0	      0.000000	76	23664	
036	  0.006623	126.647848	    124.984613	    124.984613	62837	    124.976421	    124.992654	0.0	      0.000000	76	23664	
037	  0.003312	 30.914527	    125.089303	    125.089303	32429	    125.081110	    125.097490	0.0	      0.000000	77	19528	
038	  0.026493	227.886219	    125.099811	    125.099811	35955	    125.091618	    125.107998	0.0	      0.000000	77	19528	
039	  0.003312	 10.814483	    125.564304	    125.564304	60741	    125.556112	    125.572491	0.0	      0.000000	79	4	
040	 -0.480186	2043.492662	    125.764418	    125.764418	62352	    125.756225	    125.772605	0.0	      0.000000	80	18627	
041	  0.006623	 11.930932	    125.819290	    125.819290	15228	    125.811097	    125.827477	0.0	      0.000000	81	5527	
042	  0.056298	 12.776524	    125.939199	    125.939199	55463	    125.931007	    125.947386	0.0	      0.000000	81	5527	
043	 -0.599405	 74.503555	    125.959724	    125.959724	62350	    125.951532	    125.967911	0.0	      0.000000	81	5527	
044	  0.162270	 75.785739	    126.389253	    126.389253	9868	    126.381061	    126.397440	0.0	      0.000000	84	7238	
045	  0.013247	 25.594796	    127.089152	    127.089152	48107	    127.080959	    127.097339	0.0	      0.000000	87	154	
046	 -2.321451	38297.581969	    127.214414	    127.214414	24602	    127.206221	    127.222601	0.0	      0.000000	88	164117	
047	  0.003312	242.837246	    127.589134	    127.589134	19265	    127.580941	    127.597320	0.0	      0.000000	90	9614	
048	 -0.096037	1913.364616	    128.138983	    128.138983	7156	    128.130791	    128.147170	0.0	      0.000000	93	36576	
049	  0.009935	 15.012090	    128.214094	    128.214094	32359	    128.205902	    128.222281	0.0	      0.000000	93	36576	
050	 -0.248372	9793.209236	    128.639037	    128.639037	43874	    128.630844	    128.647223	0.0	      0.000000	95	46376	
051	 -0.003312	1052.835663	    129.093564	    129.093564	65316	    129.085371	    129.094216	0.0	      0.000000	97	6018	
052	 -0.175516	12940.336056	    129.189080	    129.189080	31830	    129.180888	    129.197267	0.0	      0.000000	98	279730	
053	 -0.036428	8885.547313	    129.264146	    129.264146	57018	    129.255954	    129.272333	0.0	      0.000000	98	279730	
054	 -0.023181	1361.433453	    129.288873	    129.288873	65315	    129.280681	    129.289529	0.0	      0.000000	98	279730	
055	  0.019870	202.999080	    130.088967	    130.088967	6102	    130.080775	    130.097154	0.0	      0.000000	103	5973	
056	  0.019870	 69.238098	    130.740133	    130.740133	27989	    130.731940	    130.748320	0.0	      0.000000	106	1325	
057	  0.003312	292.094062	    131.038919	    131.038919	62709	    131.030727	    131.047106	0.0	      0.000000	107	5473	
058	  0.000000	1354.781251	    131.238893	    131.238893	64273	    131.230700	    131.242654	0.0	      0.000000	108	43371	
059	  0.003312	 11.905309	    131.338886	    131.338886	32289	    131.330693	    131.347072	0.0	      0.000000	109	30686	
060	  0.000000	553.566345	    131.434193	    131.434193	64269	    131.426001	    131.437966	0.0	      0.000000	109	30686	
061	  0.029805	 27.532963	    131.443972	    131.443972	2014	    131.437969	    131.452158	0.0	      0.000000	110	2967	
062	 -3.354678	 42.977399	    131.633109	    131.633109	65478	    131.624916	    131.633279	0.0	      0.000000	110	2967	
063	  0.082791	481.749154	    131.639254	    131.639254	2004	    131.633282	    131.647441	0.0	      0.000000	111	5979402	
064	 -2.632744	 67.460834	    131.651956	    131.651956	6266	    131.643763	    131.660143	0.0	      0.000000	111	5979402	
065	  3.006958	289.238512	    131.671989	    131.671989	12988	    131.663796	    131.680176	0.0	      0.000000	111	5979402	
066	 -1.430623	317.742657	    131.705815	    131.705815	24338	    131.697622	    131.714001	0.0	      0.000000	111	5979402	
067	  2.606251	200.900312	    131.721226	    131.721226	29509	    131.713033	    131.729412	0.0	      0.000000	111	5979402	
068	 -0.947125	170.713089	    131.731221	    131.731221	32863	    131.723029	    131.739408	0.0	      0.000000	111	5979402	
069	  3.834864	 88.784673	    131.749621	    131.749621	39037	    131.741429	    131.757808	0.0	      0.000000	111	5979402	
070	 -3.189097	553.199207	    131.760001	    131.760001	42520	    131.751809	    131.768188	0.0	      0.000000	111	5979402	
071	  1.738604	 67.262213	    131.780118	    131.780118	49270	    131.771925	    131.788305	0.0	      0.000000	111	5979402	
072	 -2.987088	101.556016	    131.790245	    131.790245	52668	    131.782052	    131.798431	0.0	      0.000000	111	5979402	
073	  0.003312	155438.549564	    131.813407	    131.813407	60440	    131.805214	    131.821594	0.0	      0.000000	111	5979402	
074	  0.764986	 45.787269	    131.832469	    131.832469	1300	    131.828594	    131.840655	0.0	      0.000000	112	1583190	
075	  0.599405	264.597911	    131.853354	    131.853354	8308	    131.845161	    131.861541	0.0	      0.000000	112	1583190	
076	 -2.013469	269.421722	    131.874088	    131.874088	15265	    131.865895	    131.882274	0.0	      0.000000	112	1583190	
077	 -0.774921	10724.983825	    131.913859	    131.913859	28610	    131.905666	    131.922046	0.0	      0.000000	112	1583190	
078	  1.420688	648.988375	    131.957996	    131.957996	43420	    131.949803	    131.966183	0.0	      0.000000	112	1583190	
079	 -0.281488	821.717359	    132.008967	    132.008967	60523	    132.000774	    132.017154	0.0	      0.000000	112	1583190	
080	  0.000000	727.995633	    132.018525	    132.018525	63730	    132.010332	    132.023904	0.0	      0.000000	112	1583190	
081	 -0.079479	 18.908453	    132.043567	    132.043567	6597	    132.035375	    132.051754	0.0	      0.000000	113	716	
082	 -0.003312	290602.166986	    132.238832	    132.238832	6581	    132.230640	    132.247019	0.0	      0.000000	114	1493969	
083	 -1.467051	1568.531151	    132.664547	    132.664547	18355	    132.656354	    132.672733	0.0	      0.000000	116	34347	
084	  1.145823	67251.067379	    132.946381	    132.946381	47387	    132.938188	    132.954568	0.0	      0.000000	117	352971	
085	  0.109284	 49.167842	    133.688730	    133.688730	34334	    133.680538	    133.696917	0.0	      0.000000	121	6846	
086	  0.096037	154.901754	    133.788231	    133.788231	2185	    133.781719	    133.796418	0.0	      0.000000	122	6914	
087	 -0.831218	 25.990273	    134.227538	    134.227538	18520	    134.219346	    134.235725	0.0	      0.000000	124	2074091	
088	 -0.347721	837165.578885	    134.347147	    134.347147	58654	    134.338954	    134.355334	0.0	      0.000000	124	2074091	
089	  0.009935	 13.509942	    134.463677	    134.463677	32219	    134.455484	    134.471864	0.0	      0.000000	125	63259	
090	 -0.043051	888.207545	    134.480113	    134.480113	37734	    134.471920	    134.488300	0.0	      0.000000	125	63259	
091	 -0.354344	199.759859	    134.542447	    134.542447	58650	    134.534255	    134.550634	0.0	      0.000000	125	63259	
092	  0.000000	 29.213517	    135.095802	    135.095802	47717	    135.087609	    135.103989	0.0	      0.000000	128	93	
093	  0.062921	13915.807445	    135.312852	    135.312852	55011	    135.304660	    135.321039	0.0	      0.000000	129	129308	
094	 -1.119330	23325.352132	    135.338685	    135.338685	63679	    135.330492	    135.344216	0.0	      0.000000	129	129308	
095	 -1.119330	4614.613063	    135.533986	    135.533986	63675	    135.525793	    135.539529	0.0	      0.000000	130	33642	
096	  0.026493	413.755173	    135.543698	    135.543698	1398	    135.539532	    135.551885	0.0	      0.000000	131	116195	
097	 -0.079479	336.115149	    135.613832	    135.613832	24931	    135.605639	    135.622019	0.0	      0.000000	131	116195	
098	 -0.036428	15191.770557	    135.663587	    135.663587	41626	    135.655394	    135.671774	0.0	      0.000000	131	116195	
099	  0.003312	4065.069098	    135.738999	    135.738999	1394	    135.734844	    135.747186	0.0	      0.000000	132	36009	
100	 -1.036539	 97.273335	    136.528677	    136.528677	4222	    136.520484	    136.536864	0.0	      0.000000	136	34465	
101	 -2.824818	 49.943043	    137.061992	    137.061992	52101	    137.053800	    137.070179	0.0	      0.000000	138	6951952	
102	 -2.698976	 63.134201	    137.185759	    137.185759	28094	    137.177566	    137.193945	0.0	      0.000000	139	5718	
103	 -3.993822	 54.614045	    137.336105	    137.336105	13006	    137.327913	    137.344292	0.0	      0.000000	140	8334705	
104	 -1.526660	 56.622228	    137.398592	    137.398592	33973	    137.390399	    137.406779	0.0	      0.000000	140	8334705	
105	  0.003312	125.719172	    140.088302	    140.088302	18986	    140.080109	    140.096489	0.0	      0.000000	154	848	
106	  0.019870	 10.940813	    140.713257	    140.713257	32078	    140.705064	    140.721443	0.0	      0.000000	157	4	
107	  0.009935	 13.426573	    141.959888	    141.959888	57162	    141.951695	    141.968075	0.0	      0.000000	163	12	
108	  0.006623	 44.567352	    143.838054	    143.838054	32010	    143.829861	    143.846241	0.0	      0.000000	173	97	
109	  0.019870	 20.698474	    144.085920	    144.085920	49644	    144.077727	    144.094107	0.0	      0.000000	174	61	
110	  0.009935	 25.902981	    144.263438	    144.263438	43673	    144.255245	    144.271624	0.0	      0.000000	175	4943	
111	  0.033116	 10.767876	    144.887671	    144.887671	56523	    144.879478	    144.895858	0.0	      0.000000	178	4	
112	  0.231814	125.502737	    145.837549	    145.837549	47569	    145.829356	    145.845735	0.0	      0.000000	183	33497	
113	 -3.795125	 22.137308	    145.864949	    145.864949	56763	    145.856756	    145.873135	0.0	      0.000000	183	33497	
114	 -3.672595	109.157154	    145.953816	    145.953816	21046	    145.945624	    145.962003	0.0	      0.000000	184	648668	
115	  0.000000	 22.883370	    146.962848	    146.962848	31941	    146.954656	    146.971035	0.0	      0.000000	189	42	
116	  0.019870	 54.877476	    148.580954	    148.580954	50599	    148.572761	    148.589140	0.0	      0.000000	197	212	
117	  0.006623	613.915182	    150.087637	    150.087637	31870	    150.079444	    150.095824	0.0	      0.000000	205	19187	
118	 -0.006623	239.680773	    153.107488	    153.107488	62124	    153.099296	    153.115675	0.0	      0.000000	220	17575	
119	  0.052986	 13.058449	    153.119263	    153.119263	539	    153.117657	    153.127450	0.0	      0.000000	221	172159	
120	  0.019870	 12.421757	    153.212422	    153.212422	31798	    153.204230	    153.220609	0.0	      0.000000	221	172159	
121	  0.006623	251.968217	    153.262440	    153.262440	48581	    153.254247	    153.270626	0.0	      0.000000	221	172159	
122	  0.006623	2520.071282	    153.387287	    153.387287	24937	    153.379095	    153.395474	0.0	      0.000000	222	284062	
123	  0.019870	 86.392018	    153.437612	    153.437612	41823	    153.429419	    153.445798	0.0	      0.000000	222	284062	
124	  0.003312	 51.029300	    156.337217	    156.337217	31729	    156.329024	    156.345403	0.0	      0.000000	237	127	
125	  0.202009	 17.291782	    156.887126	    156.887126	19640	    156.878933	    156.895313	0.0	      0.000000	240	355	
126	  0.000000	 31.804062	    158.778468	    158.778468	64445	    158.770275	    158.781716	0.0	      0.000000	249	16765	
127	 -0.009935	26533.130027	    158.849612	    158.849612	22781	    158.841419	    158.857799	0.0	      0.000000	250	6749557	
128	  0.009935	 26.364833	    158.876109	    158.876109	31672	    158.867917	    158.884296	0.0	      0.000000	250	6749557	
129	  1.430623	 73.523507	    158.955199	    158.955199	58210	    158.947006	    158.963385	0.0	      0.000000	250	6749557	
130	  0.009935	 13.300235	    159.462008	    159.462008	31659	    159.453815	    159.470195	0.0	      0.000000	253	13	
131	 -0.562977	 11.856772	    159.829700	    159.829700	23964	    159.821508	    159.837887	0.0	      0.000000	255	989	
132	  0.019870	513.686781	    160.086963	    160.086963	44751	    160.078770	    160.095149	0.0	      0.000000	256	13136	
133	 -0.784856	1690.746119	    160.755417	    160.755417	6903	    160.747224	    160.763604	0.0	      0.000000	260	456794	
134	  0.076167	102.025333	    160.786826	    160.786826	17442	    160.778633	    160.795012	0.0	      0.000000	260	456794	
135	 -0.096037	 83.829724	    160.861916	    160.861916	42638	    160.853723	    160.870102	0.0	      0.000000	260	456794	
136	  0.000000	 15.079268	    162.095431	    162.095431	63321	    162.087238	    162.102029	0.0	      0.000000	266	7	
137	  0.009935	 48.238056	    162.586799	    162.586799	31589	    162.578607	    162.594986	0.0	      0.000000	269	121	
138	 -0.013247	 43.508577	    163.078118	    163.078118	65376	    163.069925	    163.078591	0.0	      0.000000	271	531	
139	  0.006623	 62.319634	    163.079751	    163.079751	388	    163.078594	    163.087937	0.0	      0.000000	272	136884	
140	 -0.003312	176.853955	    163.273415	    163.273415	65371	    163.265222	    163.273904	0.0	      0.000000	272	136884	
141	  0.009935	392.060743	    163.275048	    163.275048	383	    163.273907	    163.283235	0.0	      0.000000	273	886224	
142	  0.000000	 10.941744	    163.349298	    163.349298	25297	    163.341105	    163.357485	0.0	      0.000000	273	886224	
143	  0.963684	1671.601051	    164.673141	    164.673141	10753	    164.664948	    164.681328	0.0	      0.000000	280	5008091	
144	 -0.006623	 18.870932	    165.186256	    165.186256	51854	    165.178064	    165.194443	0.0	      0.000000	282	12457	
145	  0.000000	137.006305	    165.223348	    165.223348	64300	    165.215156	    165.227029	0.0	      0.000000	282	12457	
146	  0.019870	 35.210869	    165.235546	    165.235546	2857	    165.227354	    165.243733	0.0	      0.000000	283	7105574	
147	  0.019870	 10.701188	    165.259957	    165.259957	11048	    165.251765	    165.268144	0.0	      0.000000	283	7105574	
148	  0.013247	 14.115765	    165.272167	    165.272167	15145	    165.263975	    165.280354	0.0	      0.000000	283	7105574	
149	  0.006623	 11.565579	    165.369821	    165.369821	47912	    165.361628	    165.378007	0.0	      0.000000	283	7105574	
150	  0.023181	 13.636573	    165.382019	    165.382019	52005	    165.373826	    165.390206	0.0	      0.000000	283	7105574	
151	  0.019870	 31.129517	    165.394226	    165.394226	56101	    165.386033	    165.402413	0.0	      0.000000	283	7105574	
152	  0.019870	4989361.262600	    165.411565	    165.411565	61919	    165.403372	    165.419752	0.0	      0.000000	283	7105574	
153	 -0.006623	 14.200547	    165.435973	    165.435973	4573	    165.427780	    165.444160	0.0	      0.000000	284	4713570	
154	  0.019870	271503.300121	    165.606865	    165.606865	61915	    165.598673	    165.615052	0.0	      0.000000	284	4713570	
155	  0.013247	10842.178975	    165.674097	    165.674097	18938	    165.665904	    165.682283	0.0	      0.000000	285	6988140	
156	  0.009935	 21.408512	    165.711591	    165.711591	31519	    165.703398	    165.719778	0.0	      0.000000	285	6988140	
157	  0.003312	 35.733163	    165.875000	    165.875000	20814	    165.866807	    165.883187	0.0	      0.000000	286	2324	
158	  0.029805	 34.473938	    165.897578	    165.897578	28390	    165.889386	    165.905765	0.0	      0.000000	286	2324	
159	  2.328074	391.891371	    166.096211	    166.096211	29504	    166.088018	    166.104397	0.0	      0.000000	287	187098	
160	  0.023181	 37.380094	    166.712073	    166.712073	39545	    166.703880	    166.720259	0.0	      0.000000	290	69416	
161	  0.009935	 95.526056	    168.836382	    168.836382	31449	    168.828190	    168.844569	0.0	      0.000000	301	350	
162	  0.003312	185.247186	    170.086298	    170.086298	57635	    170.078105	    170.094484	0.0	      0.000000	307	5557	
163	  0.003312	 28.918944	    171.961174	    171.961174	31379	    171.952981	    171.969360	0.0	      0.000000	317	40	
164	  0.019870	106.436444	    175.085962	    175.085962	31308	    175.077769	    175.094149	0.0	      0.000000	333	1482	
165	 -0.013247	 12.292855	    175.281614	    175.281614	31422	    175.273422	    175.289801	0.0	      0.000000	334	2	
166	  0.003312	 16.194019	    175.664160	    175.664160	28711	    175.655967	    175.672347	0.0	      0.000000	336	991	
167	  0.009935	112.168889	    175.683156	    175.683156	35085	    175.674963	    175.691343	0.0	      0.000000	336	991	
168	  0.009935	 13.067345	    175.702158	    175.702158	41461	    175.693965	    175.710344	0.0	      0.000000	336	991	
169	  0.000000	 12.396970	    178.319857	    178.319857	2311	    178.312969	    178.328043	0.0	      0.000000	350	7	
170	  0.016558	1095.495330	    180.085629	    180.085629	4982	    180.077437	    180.093816	0.0	      0.000000	359	187466	
171	  0.016558	 17.622057	    181.335545	    181.335545	31168	    181.327352	    181.343731	0.0	      0.000000	365	36	
172	  0.003312	 22.085724	    182.073170	    182.073170	16530	    182.064977	    182.081357	0.0	      0.000000	369	18	
173	 -1.685618	 10.410695	    184.484247	    184.484247	39121	    184.476054	    184.492433	0.0	      0.000000	381	17	
174	  0.019870	237.027094	    187.585128	    187.585128	31028	    187.576935	    187.593314	0.0	      0.000000	397	3254	
175	 -0.013247	428.647535	    188.087294	    188.087294	2919	    188.079101	    188.095480	0.0	      0.000000	400	682364	
176	  0.105972	 12.815220	    188.486391	    188.486391	5762	    188.478199	    188.494578	0.0	      0.000000	402	126	
177	  0.000000	 21.069505	    189.096147	    189.096147	13754	    189.087954	    189.104334	0.0	      0.000000	405	42	
178	  0.016558	608.708708	    190.084961	    190.084961	17865	    190.076769	    190.093148	0.0	      0.000000	410	27583	
