# -------------------------- o --------------------------
# File ID: TIC470315428.bary.0000.h5 
# -------------------------- o --------------------------
# Source:TICObj 
# MJD: 59410.374750086092	RA: 0h17m14.38s	DEC: 52d51m54.12s
# DELTAT:   0.671089	DELTAF(Hz):   2.980232	max_drift_rate:   4.000000	obs_length: 899.929866
# --------------------------
# Top_Hit_# 	Drift_Rate 	SNR 	Uncorrected_Frequency 	Corrected_Frequency 	Index 	freq_start 	freq_end 	SEFD 	SEFD_freq 	Coarse_Channel_Number 	Full_number_of_hits 	
# --------------------------
000001	  0.019525	 44.756023	    110.043513	    110.043513	30295	    110.032521	    110.054501	0.0	      0.000000	0	326846	
000002	  0.015186	2711.060547	    110.089936	    110.089936	45872	    110.078945	    110.100924	0.0	      0.000000	0	326846	
000003	  0.010847	 70.638557	    110.384755	    110.384755	13725	    110.373764	    110.395743	0.0	      0.000000	2	276	
000004	 -0.030372	115.606728	    110.843210	    110.843210	36485	    110.832219	    110.854198	0.0	      0.000000	4	14045	
000005	  0.023864	110.272964	    111.394941	    111.394941	25007	    111.383950	    111.405929	0.0	      0.000000	7	8800	
000006	  0.034711	 25.864603	    112.190594	    112.190594	29840	    112.179603	    112.201582	0.0	      0.000000	11	71	
000007	  0.015186	 23.176357	    112.589760	    112.589760	32706	    112.578769	    112.600749	0.0	      0.000000	13	25	
000008	  0.212607	 11.628757	    112.789689	    112.789689	34255	    112.778698	    112.800677	0.0	      0.000000	14	82	
000009	  0.127998	 15.683122	    113.289954	    113.289954	5508	    113.278963	    113.300942	0.0	      0.000000	17	2075	
000010	  0.214777	 39.393650	    113.389446	    113.389446	38892	    113.378455	    113.400434	0.0	      0.000000	17	2075	
000011	  0.019525	 16.988829	    113.439609	    113.439609	55724	    113.428618	    113.450598	0.0	      0.000000	17	2075	
000012	  0.019525	 36.113171	    113.689755	    113.689755	8587	    113.678764	    113.700743	0.0	      0.000000	19	24958	
000013	  0.088948	 32.847382	    113.739617	    113.739617	25318	    113.728626	    113.750606	0.0	      0.000000	19	24958	
000014	  0.021695	145.487106	    113.839533	    113.839533	58844	    113.828542	    113.850521	0.0	      0.000000	19	24958	
000015	  0.158371	 32.242992	    113.889729	    113.889729	10151	    113.878738	    113.900717	0.0	      0.000000	20	3067	
000016	  0.010847	 30.160402	    113.940819	    113.940819	27294	    113.929828	    113.951807	0.0	      0.000000	20	3067	
000017	  0.017356	 29.054617	    113.989650	    113.989650	43679	    113.978659	    114.000638	0.0	      0.000000	20	3067	
000018	  0.223455	 29.676792	    114.039539	    114.039539	60419	    114.028548	    114.050527	0.0	      0.000000	20	3067	
000019	  0.097626	 20.380224	    114.089726	    114.089726	11723	    114.078735	    114.100714	0.0	      0.000000	21	4692	
000020	  0.101965	 32.878128	    114.139276	    114.139276	28349	    114.128284	    114.150264	0.0	      0.000000	21	4692	
000021	  0.208269	 60.604309	    114.239188	    114.239188	61874	    114.228197	    114.250098	0.0	      0.000000	21	4692	
000022	 -0.004339	 50.364292	    114.439519	    114.439519	63558	    114.428528	    114.445411	0.0	      0.000000	22	623	
000023	  0.223455	 29.194311	    114.540007	    114.540007	31740	    114.529015	    114.550995	0.0	      0.000000	23	2474	
000024	  0.114982	 34.609879	    114.589446	    114.589446	48329	    114.578455	    114.600434	0.0	      0.000000	23	2474	
000025	  0.010847	 57.890377	    114.688929	    114.688929	16174	    114.677938	    114.699917	0.0	      0.000000	24	253	
000026	  0.151862	 18.790138	    115.039073	    115.039073	2591	    115.031351	    115.050061	0.0	      0.000000	26	1542	
000027	  0.086779	 40.112698	    115.189658	    115.189658	53119	    115.178667	    115.200647	0.0	      0.000000	26	1542	
000028	  0.028203	 10.051707	    115.239956	    115.239956	4460	    115.228965	    115.250944	0.0	      0.000000	27	880	
000029	  0.108473	 35.645683	    115.389486	    115.389486	54634	    115.378495	    115.400474	0.0	      0.000000	27	880	
000030	  0.015186	 51.838226	    115.589448	    115.589448	56194	    115.578457	    115.600436	0.0	      0.000000	28	172	
000031	  0.112812	 39.940567	    115.639152	    115.639152	7336	    115.628161	    115.650140	0.0	      0.000000	29	4321	
000032	  0.104134	 43.368134	    115.688442	    115.688442	23875	    115.677451	    115.699430	0.0	      0.000000	29	4321	
000033	 -0.032542	 10.902122	    115.788938	    115.788938	57596	    115.777947	    115.799927	0.0	      0.000000	29	4321	
000034	  0.221285	 16.343620	    115.888681	    115.888681	25528	    115.877690	    115.899669	0.0	      0.000000	30	410	
000035	  0.054237	 67.952827	    116.339781	    116.339781	45820	    116.328790	    116.350769	0.0	      0.000000	32	3739	
000036	  0.095456	 11.621601	    116.389783	    116.389783	62598	    116.378792	    116.398536	0.0	      0.000000	32	3739	
000037	  0.086779	 23.401176	    116.488599	    116.488599	30219	    116.477607	    116.499587	0.0	      0.000000	33	262	
000038	  0.145354	 10.771910	    116.889571	    116.889571	33691	    116.878580	    116.900559	0.0	      0.000000	35	115	
000039	  0.119321	 14.802165	    116.939392	    116.939392	50408	    116.928400	    116.950380	0.0	      0.000000	35	115	
000040	  0.091117	 15.562504	    117.389624	    117.389624	4873	    117.378633	    117.400612	0.0	      0.000000	38	287	
000041	  0.099795	 33.187519	    117.589091	    117.589091	6267	    117.578100	    117.600079	0.0	      0.000000	39	1226	
000042	  0.015186	 25.383463	    117.789181	    117.789181	7870	    117.778190	    117.800169	0.0	      0.000000	40	49	
000043	 -0.004339	 53.224720	    118.189369	    118.189369	11079	    118.178378	    118.200358	0.0	      0.000000	42	117473	
000044	 -0.147524	1905.809570	    118.339221	    118.339221	61361	    118.328230	    118.350210	0.0	      0.000000	42	117473	
000045	  0.013017	48213.320312	    118.464296	    118.464296	37793	    118.453305	    118.475284	0.0	      0.000000	43	2635825	
000046	 -0.004339	3295.556885	    118.489184	    118.489184	46144	    118.478193	    118.500172	0.0	      0.000000	43	2635825	
000047	 -0.149693	 15.593964	    118.534519	    118.534519	61356	    118.523528	    118.545507	0.0	      0.000000	43	2635825	
000048	 -0.171388	 22.196140	    118.564372	    118.564372	5837	    118.553381	    118.575360	0.0	      0.000000	44	330253	
000049	  0.269013	16374.839844	    118.689268	    118.689268	47745	    118.678277	    118.700256	0.0	      0.000000	44	330253	
000050	 -0.811379	 14.985031	    118.739753	    118.739753	64685	    118.728762	    118.742286	0.0	      0.000000	44	330253	
000051	 -0.013017	 76.749695	    118.789156	    118.789156	15726	    118.778165	    118.800144	0.0	      0.000000	45	14831	
000052	  0.036881	1371.966919	    118.943985	    118.943985	2142	    118.937601	    118.954973	0.0	      0.000000	46	253365	
000053	  0.015186	299.308990	    118.964245	    118.964245	8940	    118.953254	    118.975233	0.0	      0.000000	46	253365	
000054	  0.036881	832.411011	    118.989279	    118.989279	17340	    118.978288	    119.000267	0.0	      0.000000	46	253365	
000055	  0.052067	307.722870	    119.089137	    119.089137	50847	    119.078146	    119.100125	0.0	      0.000000	46	253365	
000056	  0.034711	19998.732422	    119.139286	    119.139286	2138	    119.132914	    119.150274	0.0	      0.000000	47	313715	
000057	  0.017356	831.824280	    119.164114	    119.164114	10469	    119.153123	    119.175102	0.0	      0.000000	47	313715	
000058	  0.023864	 80.496071	    119.289224	    119.289224	52449	    119.278233	    119.300212	0.0	      0.000000	47	313715	
000059	 -0.692059	 33.256821	    119.598072	    119.598072	25009	    119.587080	    119.609060	0.0	      0.000000	49	112766	
000060	 -0.056406	1175.311523	    119.639357	    119.639357	38862	    119.628366	    119.650345	0.0	      0.000000	49	112766	
000061	  0.010847	 26.212067	    119.664245	    119.664245	47213	    119.653254	    119.675233	0.0	      0.000000	49	112766	
000062	  0.017356	 53.428005	    119.739224	    119.739224	6836	    119.728233	    119.750212	0.0	      0.000000	50	511862	
000063	  0.349284	11413.244141	    119.889169	    119.889169	57149	    119.878178	    119.900157	0.0	      0.000000	50	511862	
000064	  0.002169	4587.848145	    120.039238	    120.039238	41968	    120.028247	    120.050226	0.0	      0.000000	51	111735	
000065	  0.010847	 15.554820	    120.089238	    120.089238	58745	    120.078247	    120.100226	0.0	      0.000000	51	111735	
000066	  0.060745	177.663300	    120.339041	    120.339041	11493	    120.328050	    120.350029	0.0	      0.000000	53	40237	
000067	 -0.041220	166.348404	    120.463972	    120.463972	53413	    120.452981	    120.474960	0.0	      0.000000	53	40237	
000068	 -0.388334	219.846664	    120.514207	    120.514207	4733	    120.503216	    120.525195	0.0	      0.000000	54	62358	
000069	  0.015186	 20.740685	    120.564188	    120.564188	21504	    120.553197	    120.575176	0.0	      0.000000	54	62358	
000070	 -0.060745	342.842255	    120.739086	    120.739086	14654	    120.728095	    120.750074	0.0	      0.000000	55	47556	
000071	  0.004339	3680.630371	    121.022465	    121.022465	44204	    121.011474	    121.033453	0.0	      0.000000	56	137293	
000072	 -0.136676	27156.972656	    121.464120	    121.464120	61327	    121.453129	    121.475108	0.0	      0.000000	58	579310	
000073	 -0.143185	768.105347	    121.589212	    121.589212	37765	    121.578221	    121.600201	0.0	      0.000000	59	91363	
000074	 -0.136676	239.604263	    121.659421	    121.659421	61323	    121.648430	    121.670409	0.0	      0.000000	59	91363	
000075	  0.006508	10555.333008	    121.764122	    121.764122	30919	    121.753131	    121.775110	0.0	      0.000000	60	343733	
000076	  0.039050	 16.070316	    121.964144	    121.964144	32499	    121.953152	    121.975132	0.0	      0.000000	61	2522	
000077	  0.004339	 74.033562	    121.989109	    121.989109	40876	    121.978118	    122.000097	0.0	      0.000000	61	2522	
000078	 -0.164879	141.919556	    122.197362	    122.197362	45218	    122.186371	    122.208350	0.0	      0.000000	62	29269	
000079	  0.206099	 44.875214	    122.722386	    122.722386	24779	    122.711395	    122.733374	0.0	      0.000000	65	16474	
000080	 -0.249488	 15.439612	    122.739195	    122.739195	30419	    122.728204	    122.750183	0.0	      0.000000	65	16474	
000081	  0.010847	 27.438372	    122.955035	    122.955035	37307	    122.944044	    122.966023	0.0	      0.000000	66	309	
000082	  0.015186	 26.570763	    122.973033	    122.973033	43346	    122.962042	    122.984021	0.0	      0.000000	66	309	
000083	  0.121490	2396.140381	    123.043658	    123.043658	1508	    123.039164	    123.054646	0.0	      0.000000	67	25602	
000084	  0.123659	20823.068359	    123.238959	    123.238959	1504	    123.234476	    123.249947	0.0	      0.000000	68	80690	
000085	  0.303725	228.825699	    123.538821	    123.538821	36585	    123.527830	    123.549809	0.0	      0.000000	69	71614	
000086	 -0.002169	 86.207634	    123.613938	    123.613938	61790	    123.602946	    123.624926	0.0	      0.000000	69	71614	
000087	 -0.260336	1112.636353	    123.639058	    123.639058	4683	    123.628067	    123.650046	0.0	      0.000000	70	160846	
000088	  0.069423	9306.938477	    123.813810	    123.813810	63320	    123.802819	    123.820411	0.0	      0.000000	70	160846	
000089	  0.015186	 23.145456	    123.888944	    123.888944	22995	    123.877953	    123.899933	0.0	      0.000000	71	40716	
000090	  0.069423	1078.858032	    124.009107	    124.009107	63315	    123.998116	    124.015723	0.0	      0.000000	71	40716	
000091	 -0.262505	48598.175781	    124.063991	    124.063991	16195	    124.053000	    124.074979	0.0	      0.000000	72	1186201	
000092	  0.145354	167.215561	    124.163871	    124.163871	49709	    124.152880	    124.174859	0.0	      0.000000	72	1186201	
000093	  0.290708	569.324951	    124.188815	    124.188815	58079	    124.177824	    124.199803	0.0	      0.000000	72	1186201	
000094	 -0.106304	 16.528000	    124.211024	    124.211024	65531	    124.200033	    124.211036	0.0	      0.000000	72	1186201	
000095	  0.444740	14217.537109	    124.214797	    124.214797	1261	    124.211039	    124.225785	0.0	      0.000000	73	7959294	
000096	  0.158371	7490.017578	    124.242606	    124.242606	10592	    124.231614	    124.253594	0.0	      0.000000	73	7959294	
000097	 -1.633606	1491.205322	    124.263914	    124.263914	17742	    124.252923	    124.274902	0.0	      0.000000	73	7959294	
000098	 -0.034711	86000.710938	    124.289091	    124.289091	26190	    124.278100	    124.300079	0.0	      0.000000	73	7959294	
000099	  2.510069	1203.582886	    124.313714	    124.313714	34452	    124.302723	    124.324702	0.0	      0.000000	73	7959294	
000100	 -0.466435	2928.247803	    124.335830	    124.335830	41873	    124.324839	    124.346818	0.0	      0.000000	73	7959294	
000101	 -0.778837	37172.824219	    124.363895	    124.363895	51290	    124.352904	    124.374883	0.0	      0.000000	73	7959294	
000102	  0.232133	1179.344604	    124.391507	    124.391507	60555	    124.380516	    124.402495	0.0	      0.000000	73	7959294	
000103	  0.275522	511.622803	    124.438779	    124.438779	10881	    124.427788	    124.449767	0.0	      0.000000	74	210953	
000104	  0.021695	643.967163	    124.488975	    124.488975	27724	    124.477984	    124.499964	0.0	      0.000000	74	210953	
000105	 -0.002169	90713.460938	    124.639200	    124.639200	12595	    124.628209	    124.650188	0.0	      0.000000	75	1897007	
000106	  0.054237	916.242493	    124.663891	    124.663891	20880	    124.652900	    124.674879	0.0	      0.000000	75	1897007	
000107	 -0.013017	 13.386054	    124.681439	    124.681439	26768	    124.670448	    124.692427	0.0	      0.000000	75	1897007	
000108	 -0.032542	 18.824310	    124.696373	    124.696373	31779	    124.685382	    124.707361	0.0	      0.000000	75	1897007	
000109	  0.013017	7881.279785	    124.763926	    124.763926	54446	    124.752935	    124.774914	0.0	      0.000000	75	1897007	
000110	 -0.054237	956.517090	    124.938773	    124.938773	47579	    124.927782	    124.949761	0.0	      0.000000	76	57576	
000111	  0.010847	 19.230227	    125.138803	    125.138803	49162	    125.127812	    125.149791	0.0	      0.000000	77	190	
000112	 -0.095456	 12.567611	    125.213917	    125.213917	8830	    125.202926	    125.224905	0.0	      0.000000	78	104	
000113	 -0.030372	 65.802200	    125.556358	    125.556358	58198	    125.545366	    125.567346	0.0	      0.000000	79	6011	
000114	 -0.028203	246.302048	    125.938647	    125.938647	55401	    125.927656	    125.949635	0.0	      0.000000	81	32995	
000115	  0.190913	5311.676270	    126.138805	    126.138805	57027	    126.127814	    126.149793	0.0	      0.000000	82	64905	
000116	  0.047728	 31.858782	    126.538758	    126.538758	60157	    126.527767	    126.549746	0.0	      0.000000	84	2751	
000117	  0.028203	 65.853470	    126.588749	    126.588749	11395	    126.577758	    126.599737	0.0	      0.000000	85	99482	
000118	  0.021695	 47.990505	    126.693742	    126.693742	46625	    126.682751	    126.704730	0.0	      0.000000	85	99482	
000119	 -0.060745	1210.393677	    126.713588	    126.713588	53284	    126.702597	    126.724576	0.0	      0.000000	85	99482	
000120	  0.054237	7717.399902	    126.871775	    126.871775	40827	    126.860784	    126.882764	0.0	      0.000000	86	140730	
000121	  0.017356	114.207390	    127.088712	    127.088712	48083	    127.077721	    127.099701	0.0	      0.000000	87	1588	
000122	  0.021695	 21.516886	    127.143376	    127.143376	889	    127.140726	    127.154364	0.0	      0.000000	88	199818	
000123	  0.203930	271.676178	    127.163627	    127.163627	7684	    127.152635	    127.174615	0.0	      0.000000	88	199818	
000124	  0.043389	1646.342651	    127.188663	    127.188663	16085	    127.177672	    127.199652	0.0	      0.000000	88	199818	
000125	  0.019525	 26.235260	    127.288808	    127.288808	49688	    127.277817	    127.299796	0.0	      0.000000	88	199818	
000126	  0.021695	116.907127	    127.338673	    127.338673	884	    127.336039	    127.349662	0.0	      0.000000	89	4149	
000127	  0.112812	 11.653024	    127.438717	    127.438717	34453	    127.427726	    127.449705	0.0	      0.000000	89	4149	
000128	  0.229963	 21.303955	    127.513664	    127.513664	59601	    127.502673	    127.524652	0.0	      0.000000	89	4149	
000129	  1.180188	107.587479	    127.663435	    127.663435	44320	    127.652444	    127.674423	0.0	      0.000000	90	26419	
000130	 -0.017356	5351.270996	    127.838366	    127.838366	37481	    127.827375	    127.849354	0.0	      0.000000	91	76259	
000131	  0.449079	56447.300781	    127.955105	    127.955105	11116	    127.944114	    127.966093	0.0	      0.000000	92	357378	
000132	  0.459926	 23.488096	    128.038560	    128.038560	39119	    128.027569	    128.049548	0.0	      0.000000	92	357378	
000133	  0.017356	138.436829	    128.088673	    128.088673	55934	    128.077682	    128.099661	0.0	      0.000000	92	357378	
000134	  0.017356	 69.490959	    128.108646	    128.108646	62636	    128.097655	    128.117286	0.0	      0.000000	92	357378	
000135	 -0.214777	8145.109375	    128.138759	    128.138759	7204	    128.127767	    128.149747	0.0	      0.000000	93	169560	
000136	  0.021695	 43.774807	    128.163614	    128.163614	15544	    128.152623	    128.174602	0.0	      0.000000	93	169560	
000137	 -0.056406	 26.659647	    128.213646	    128.213646	32332	    128.202655	    128.224634	0.0	      0.000000	93	169560	
000138	  0.071592	513.534790	    128.263493	    128.263493	49058	    128.252502	    128.274481	0.0	      0.000000	93	169560	
000139	 -0.141015	3279.798340	    128.305464	    128.305464	63141	    128.294473	    128.312598	0.0	      0.000000	93	169560	
000140	 -0.416537	 28.947968	    128.321810	    128.321810	3090	    128.312601	    128.332798	0.0	      0.000000	94	25993	
000141	  0.138846	343.958282	    128.500651	    128.500651	63099	    128.489660	    128.507911	0.0	      0.000000	94	25993	
000142	 -0.002169	 13.767419	    128.518270	    128.518270	3475	    128.507914	    128.529258	0.0	      0.000000	95	18974	
000143	  0.208269	 10.667721	    128.653609	    128.653609	48887	    128.642617	    128.664597	0.0	      0.000000	95	18974	
000144	  0.091117	 85.331261	    128.681080	    128.681080	58105	    128.670089	    128.692068	0.0	      0.000000	95	18974	
000145	  0.019525	1488.995239	    128.713568	    128.713568	3470	    128.703226	    128.724556	0.0	      0.000000	96	48890	
000146	 -0.062914	 14.792378	    129.063703	    129.063703	55420	    129.052712	    129.074692	0.0	      0.000000	97	769	
000147	 -0.008678	 16.941086	    129.213555	    129.213555	40166	    129.202564	    129.224544	0.0	      0.000000	98	280	
000148	  0.015186	 24.720427	    129.363592	    129.363592	24974	    129.352601	    129.374580	0.0	      0.000000	99	54	
000149	 -0.004339	 20.496582	    129.513564	    129.513564	9760	    129.502572	    129.524552	0.0	      0.000000	100	211469	
000150	  0.158371	10361.741211	    129.563363	    129.563363	26470	    129.552372	    129.574351	0.0	      0.000000	100	211469	
000151	  0.160540	 10.069685	    129.638519	    129.638519	51688	    129.627528	    129.649507	0.0	      0.000000	100	211469	
000152	  0.002169	 42.049133	    129.913502	    129.913502	12885	    129.902511	    129.924490	0.0	      0.000000	102	1115	
000153	  0.021695	 14.420305	    130.088531	    130.088531	6079	    130.077540	    130.099519	0.0	      0.000000	103	12879	
000154	  0.149693	 74.939621	    130.213468	    130.213468	48001	    130.202477	    130.224456	0.0	      0.000000	103	12879	
000155	 -0.026034	 12.811909	    130.238568	    130.238568	56423	    130.227577	    130.249556	0.0	      0.000000	103	12879	
000156	  0.045559	 12.378133	    130.438488	    130.438488	57969	    130.427496	    130.449476	0.0	      0.000000	104	52	
000157	  0.449079	1024.902222	    130.763461	    130.763461	35940	    130.752470	    130.774449	0.0	      0.000000	106	62811	
000158	  0.282030	1024.902222	    130.763500	    130.763500	35953	    130.752509	    130.774488	0.0	      0.000000	106	62811	
000159	 -0.078101	 18.954235	    130.788364	    130.788364	44296	    130.777373	    130.799352	0.0	      0.000000	106	62811	
000160	  0.312403	527.558167	    131.213822	    131.213822	55984	    131.202831	    131.224810	0.0	      0.000000	108	19183	
000161	 -0.045559	19297.677734	    131.363623	    131.363623	40713	    131.352632	    131.374611	0.0	      0.000000	109	362113	
000162	 -0.021695	 10.183908	    131.488423	    131.488423	17053	    131.477432	    131.499411	0.0	      0.000000	110	1944530	
000163	  0.008678	163895.140625	    131.538724	    131.538724	33931	    131.527733	    131.549712	0.0	      0.000000	110	1944530	
000164	 -0.451248	245.418869	    131.587534	    131.587534	50309	    131.576543	    131.598522	0.0	      0.000000	110	1944530	
000165	 -0.440401	 40.817028	    131.813504	    131.813504	60596	    131.802513	    131.824492	0.0	      0.000000	111	7372	
000166	 -0.164879	 37.362099	    131.843104	    131.843104	4992	    131.832113	    131.854092	0.0	      0.000000	112	54799	
000167	  0.073762	 18.815815	    131.871538	    131.871538	14533	    131.860547	    131.882526	0.0	      0.000000	112	54799	
000168	 -0.069423	 34.587921	    131.912853	    131.912853	28396	    131.901862	    131.923841	0.0	      0.000000	112	54799	
000169	  0.013017	338.805176	    131.988569	    131.988569	53802	    131.977578	    131.999557	0.0	      0.000000	112	54799	
000170	 -0.156201	37341.105469	    132.038401	    132.038401	4987	    132.027410	    132.049389	0.0	      0.000000	113	224488	
000171	  0.021695	 24.856804	    132.538303	    132.538303	41654	    132.527311	    132.549291	0.0	      0.000000	115	1034	
000172	 -0.088948	 38.597321	    132.783352	    132.783352	58343	    132.772361	    132.794340	0.0	      0.000000	116	4859	
000173	 -0.034711	7783.094727	    132.862963	    132.862963	19520	    132.851972	    132.873951	0.0	      0.000000	117	146630	
000174	  0.952395	100.034286	    132.954128	    132.954128	50110	    132.943137	    132.965117	0.0	      0.000000	117	146630	
000175	 -0.052067	137.438965	    133.121510	    133.121510	40738	    133.110519	    133.132498	0.0	      0.000000	118	25013	
000176	 -0.043389	2465.378662	    133.238416	    133.238416	14429	    133.227425	    133.249404	0.0	      0.000000	119	161605	
000177	 -0.013017	 61.929073	    133.305033	    133.305033	36782	    133.294042	    133.316021	0.0	      0.000000	119	161605	
000178	 -0.581416	120.126495	    133.347218	    133.347218	50937	    133.336227	    133.358206	0.0	      0.000000	119	161605	
000179	  0.019525	 36.639290	    133.846499	    133.846499	21860	    133.835508	    133.857487	0.0	      0.000000	122	34063	
000180	  0.010847	502.996735	    133.888267	    133.888267	35875	    133.877276	    133.899255	0.0	      0.000000	122	34063	
000181	  0.006508	 42.378345	    133.988147	    133.988147	3853	    133.977156	    133.999135	0.0	      0.000000	123	118727	
000182	 -0.032542	804.932373	    134.038310	    134.038310	20685	    134.027319	    134.049298	0.0	      0.000000	123	118727	
000183	  0.010847	274.912750	    134.138121	    134.138121	54176	    134.127130	    134.149109	0.0	      0.000000	123	118727	
000184	 -0.030372	 28.575848	    134.213250	    134.213250	13849	    134.202259	    134.224238	0.0	      0.000000	124	37918	
000185	  0.375317	359.548615	    134.312918	    134.312918	47292	    134.301927	    134.323906	0.0	      0.000000	124	37918	
000186	 -0.028203	 11.358835	    134.337859	    134.337859	55661	    134.326868	    134.348847	0.0	      0.000000	124	37918	
000187	  0.002169	7901.925781	    134.438391	    134.438391	23858	    134.427400	    134.449379	0.0	      0.000000	125	190790	
000188	 -0.049898	1063.561401	    134.538333	    134.538333	57393	    134.527342	    134.549322	0.0	      0.000000	125	190790	
000189	 -0.002169	235.534454	    134.796287	    134.796287	12876	    134.785296	    134.807276	0.0	      0.000000	127	62857	
000190	  0.026034	601.429138	    135.013093	    135.013093	20088	    135.002102	    135.024081	0.0	      0.000000	128	228409	
000191	  0.344945	1626.267700	    135.062649	    135.062649	36716	    135.051658	    135.073637	0.0	      0.000000	128	228409	
000192	 -0.049898	9145.730469	    135.379730	    135.379730	12039	    135.368739	    135.390719	0.0	      0.000000	130	293834	
000193	  0.054237	 62.008236	    135.463123	    135.463123	40021	    135.452132	    135.474111	0.0	      0.000000	130	293834	
000194	 -0.028203	13726.489258	    135.654800	    135.654800	38801	    135.643809	    135.665788	0.0	      0.000000	131	78411	
000195	  0.108473	 51.036312	    135.762947	    135.762947	9553	    135.751956	    135.773935	0.0	      0.000000	132	216896	
000196	 -0.062914	13811.602539	    135.887783	    135.887783	51441	    135.876791	    135.898771	0.0	      0.000000	132	216896	
000197	 -0.121490	24766.060547	    136.071559	    136.071559	47570	    136.060568	    136.082547	0.0	      0.000000	133	211102	
000198	 -0.212607	377.583008	    136.137937	    136.137937	4307	    136.126946	    136.148925	0.0	      0.000000	134	47585	
000199	  2.215022	120.138756	    136.362286	    136.362286	14050	    136.351295	    136.373274	0.0	      0.000000	135	27168	
000200	 -0.284200	 62.898045	    136.404889	    136.404889	28345	    136.393898	    136.415877	0.0	      0.000000	135	27168	
000201	 -0.036881	 14.215392	    136.537965	    136.537965	7462	    136.526974	    136.548953	0.0	      0.000000	136	251874	
000202	  0.006508	1720.895264	    136.554616	    136.554616	13049	    136.543624	    136.565604	0.0	      0.000000	136	251874	
000203	  0.104134	6122.068848	    136.571305	    136.571305	18649	    136.560314	    136.582293	0.0	      0.000000	136	251874	
000204	  0.036881	1111.221558	    136.637946	    136.637946	41010	    136.626955	    136.648934	0.0	      0.000000	136	251874	
000205	 -2.325665	 20.375555	    136.863308	    136.863308	51093	    136.852317	    136.874296	0.0	      0.000000	137	1240897	
000206	  0.073762	 65.115845	    137.187432	    137.187432	28779	    137.176441	    137.198420	0.0	      0.000000	139	5094	
000207	 -3.959271	159.456879	    137.437509	    137.437509	47155	    137.426518	    137.448497	0.0	      0.000000	140	1371287	
000208	 -3.824764	688.807190	    137.549110	    137.549110	19066	    137.538119	    137.560098	0.0	      0.000000	141	12106814	
000209	 -2.625051	 13.599183	    137.710597	    137.710597	7716	    137.699606	    137.721585	0.0	      0.000000	142	10783639	
000210	 -3.638191	191.473297	    137.801592	    137.801592	38249	    137.790601	    137.812580	0.0	      0.000000	142	10783639	
000211	 -3.970119	202.531113	    138.006480	    138.006480	41462	    137.995489	    138.017468	0.0	      0.000000	143	6674320	
000212	 -0.728940	256.723755	    138.113277	    138.113277	11761	    138.102286	    138.124265	0.0	      0.000000	144	45227	
000213	 -2.603356	224.871338	    139.238014	    139.238014	61480	    139.227023	    139.249002	0.0	      0.000000	149	30088	
000214	  1.943839	132.570145	    139.312221	    139.312221	20844	    139.301230	    139.323210	0.0	      0.000000	150	19836	
000215	  0.013017	 12.243423	    139.678862	    139.678862	12796	    139.667870	    139.689850	0.0	      0.000000	152	4	
000216	  0.062914	 91.011284	    140.262817	    140.262817	12131	    140.251826	    140.273805	0.0	      0.000000	155	14379	
000217	 -3.829103	 74.926476	    140.663494	    140.663494	15504	    140.652503	    140.674483	0.0	      0.000000	157	7372	
000218	 -0.071592	 10.974394	    143.137650	    143.137650	59261	    143.126659	    143.148639	0.0	      0.000000	169	11	
000219	 -0.017356	1000.017090	    143.787541	    143.787541	15184	    143.776550	    143.798529	0.0	      0.000000	173	95048	
000220	 -0.056406	 18.869068	    144.437154	    144.437154	36550	    144.426163	    144.448142	0.0	      0.000000	176	914806	
000221	  0.010847	3625.700439	    144.493543	    144.493543	55471	    144.482552	    144.504531	0.0	      0.000000	176	914806	
000222	  0.017356	6469.852051	    144.567518	    144.567518	14757	    144.556527	    144.578506	0.0	      0.000000	177	1819943	
000223	 -0.004339	 52.040840	    144.887157	    144.887157	56474	    144.876166	    144.898145	0.0	      0.000000	178	75799	
000224	  3.306262	 37.404976	    145.009528	    145.009528	31999	    144.998537	    145.020517	0.0	      0.000000	179	3750	
000225	 -1.434016	 26.550129	    145.290228	    145.290228	60650	    145.279236	    145.301216	0.0	      0.000000	180	9086	
000226	  0.021695	170.316376	    145.324879	    145.324879	6741	    145.313888	    145.335867	0.0	      0.000000	181	5777	
000227	  0.008678	 25.117653	    145.437385	    145.437385	44492	    145.426394	    145.448374	0.0	      0.000000	181	5777	
000228	 -0.041220	1457.536987	    145.512446	    145.512446	4142	    145.501454	    145.523434	0.0	      0.000000	182	245899	
000229	  0.049898	 31.145168	    145.637639	    145.637639	46150	    145.626648	    145.648627	0.0	      0.000000	182	245899	
000230	  0.002169	1955.601440	    145.687114	    145.687114	62751	    145.676123	    145.695411	0.0	      0.000000	182	245899	
000231	  0.017356	262.642792	    145.699658	    145.699658	1424	    145.695414	    145.710646	0.0	      0.000000	183	2691719	
000232	  0.084609	952.194580	    145.737361	    145.737361	14075	    145.726370	    145.748349	0.0	      0.000000	183	2691719	
000233	  0.214777	1404.502319	    145.762112	    145.762112	22380	    145.751120	    145.773100	0.0	      0.000000	183	2691719	
000234	  0.021695	540.146423	    145.799919	    145.799919	35066	    145.788928	    145.810907	0.0	      0.000000	183	2691719	
000235	  0.026034	 74.368370	    145.837148	    145.837148	47558	    145.826157	    145.848136	0.0	      0.000000	183	2691719	
000236	  0.407859	 54.896381	    145.862218	    145.862218	55970	    145.851226	    145.873206	0.0	      0.000000	183	2691719	
000237	  0.008678	190.792755	    145.882409	    145.882409	62745	    145.871418	    145.890723	0.0	      0.000000	183	2691719	
000238	 -3.052435	 22.728539	    145.952381	    145.952381	20688	    145.941390	    145.963370	0.0	      0.000000	184	56515	
000239	 -3.924560	 52.516167	    146.006133	    146.006133	38724	    145.995142	    146.017121	0.0	      0.000000	184	56515	
000240	 -0.004339	 80.915550	    146.549489	    146.549489	24436	    146.538498	    146.560477	0.0	      0.000000	187	17170	
000241	  0.026034	 69.971939	    146.724825	    146.724825	17733	    146.713834	    146.735813	0.0	      0.000000	188	39112	
000242	 -3.970119	 60.498066	    147.371687	    147.371687	38176	    147.360696	    147.382675	0.0	      0.000000	191	171300	
000243	  0.034711	 61.212399	    147.446002	    147.446002	63112	    147.435011	    147.453223	0.0	      0.000000	191	171300	
000244	  0.002169	 22.139692	    147.453226	    147.453226	0	    147.453226	    147.464215	0.0	      0.000000	192	9	
000245	  0.036881	 12.594432	    147.453802	    147.453802	193	    147.453226	    147.464790	0.0	      0.000000	192	9	
000246	 -0.039050	 10.539597	    147.628309	    147.628309	58748	    147.617318	    147.639297	0.0	      0.000000	192	9	
000247	  0.021695	214.441269	    148.302801	    148.302801	22926	    148.291810	    148.313789	0.0	      0.000000	196	181765	
000248	  0.017356	 78.665573	    148.374699	    148.374699	47051	    148.363708	    148.385687	0.0	      0.000000	196	181765	
000249	  0.008678	 21.795570	    148.450093	    148.450093	6813	    148.439102	    148.461081	0.0	      0.000000	197	85536	
000250	  3.056774	 57.240284	    148.602368	    148.602368	57908	    148.591377	    148.613356	0.0	      0.000000	197	85536	
000251	  0.008678	106.627930	    149.102788	    149.102788	29213	    149.091797	    149.113776	0.0	      0.000000	200	175533	
000252	  3.074130	130.644760	    149.475484	    149.475484	23197	    149.464493	    149.486472	0.0	      0.000000	202	477009	
000253	  0.017356	429.643188	    150.087132	    150.087132	31824	    150.076141	    150.098120	0.0	      0.000000	205	7636	
000254	 -0.013017	 10.922229	    150.325077	    150.325077	46129	    150.314085	    150.336065	0.0	      0.000000	206	6	
000255	  1.023987	116.304169	    150.540857	    150.540857	52997	    150.529866	    150.551845	0.0	      0.000000	207	150397	
000256	 -0.004339	 35.519299	    150.836735	    150.836735	21205	    150.825744	    150.847723	0.0	      0.000000	209	141	
000257	  0.104134	 30.528030	    150.986483	    150.986483	5916	    150.975491	    150.997471	0.0	      0.000000	210	4647	
000258	 -0.052067	3185.126709	    151.686822	    151.686822	44303	    151.675831	    151.697810	0.0	      0.000000	213	173499	
000259	  0.013017	 10.710827	    153.056844	    153.056844	45254	    153.045853	    153.067832	0.0	      0.000000	220	73845	
000260	  0.086779	 71.947678	    153.107269	    153.107269	62174	    153.096278	    153.117286	0.0	      0.000000	220	73845	
000261	  0.162710	 23.306646	    153.441508	    153.441508	43254	    153.430517	    153.452497	0.0	      0.000000	222	8854	
000262	  0.010847	 24.938631	    153.667541	    153.667541	53562	    153.656550	    153.678529	0.0	      0.000000	223	44	
000263	 -3.369177	288.272156	    153.990870	    153.990870	30981	    153.979878	    154.001858	0.0	      0.000000	225	489226	
000264	 -0.006508	2998.512695	    155.336757	    155.336757	23834	    155.325766	    155.347745	0.0	      0.000000	232	128414	
000265	  0.021695	393.187836	    155.861645	    155.861645	3349	    155.851664	    155.872633	0.0	      0.000000	235	69963	
000266	  0.015186	 21.103151	    155.886378	    155.886378	11648	    155.875387	    155.897366	0.0	      0.000000	235	69963	
000267	  0.017356	 37.981247	    156.336694	    156.336694	31677	    156.325703	    156.347682	0.0	      0.000000	237	54590	
000268	 -0.002169	197.791382	    156.385185	    156.385185	47948	    156.374194	    156.396173	0.0	      0.000000	237	54590	
000269	  0.008678	1640.345215	    156.461592	    156.461592	8050	    156.450601	    156.472580	0.0	      0.000000	238	398849	
000270	 -0.002169	1017.727966	    156.511687	    156.511687	24859	    156.500696	    156.522675	0.0	      0.000000	238	398849	
000271	 -0.143185	 10.084238	    156.536727	    156.536727	33261	    156.525736	    156.547715	0.0	      0.000000	238	398849	
000272	  0.134507	 16.181133	    156.636577	    156.636577	1229	    156.632914	    156.647565	0.0	      0.000000	239	1686412	
000273	 -0.275522	 47.349388	    156.686636	    156.686636	18026	    156.675645	    156.697624	0.0	      0.000000	239	1686412	
000274	 -1.477405	 25.554247	    156.710767	    156.710767	26123	    156.699775	    156.721755	0.0	      0.000000	239	1686412	
000275	  0.073762	11005.946289	    156.736563	    156.736563	34779	    156.725572	    156.747552	0.0	      0.000000	239	1686412	
000276	  0.043389	224.824753	    156.761562	    156.761562	43167	    156.750571	    156.772550	0.0	      0.000000	239	1686412	
000277	 -0.134507	151.399673	    156.836616	    156.836616	2815	    156.828226	    156.847604	0.0	      0.000000	240	2505535	
000278	  0.275522	136003.031250	    156.886556	    156.886556	19572	    156.875564	    156.897544	0.0	      0.000000	240	2505535	
000279	  0.008678	115.640450	    156.961333	    156.961333	44663	    156.950341	    156.972321	0.0	      0.000000	240	2505535	
000280	 -0.052067	 14.104069	    157.111441	    157.111441	29495	    157.100450	    157.122429	0.0	      0.000000	241	119	
000281	  0.021695	11707.074219	    157.952692	    157.952692	49628	    157.941701	    157.963680	0.0	      0.000000	245	13292395	
000282	  0.006508	114.111427	    159.711759	    159.711759	50049	    159.700768	    159.722747	0.0	      0.000000	254	63755	
000283	  0.006508	 14.886704	    159.836419	    159.836419	26342	    159.825428	    159.847407	0.0	      0.000000	255	22	
000284	  0.021695	252.132111	    160.086428	    160.086428	44695	    160.075437	    160.097416	0.0	      0.000000	256	3353	
000285	  0.010847	 16.577055	    160.102032	    160.102032	49931	    160.091041	    160.113021	0.0	      0.000000	256	3353	
000286	  0.021695	 29.683430	    160.208072	    160.208072	19976	    160.197081	    160.219060	0.0	      0.000000	257	450	
000287	  0.006508	1587.759644	    160.541080	    160.541080	643	    160.539164	    160.552068	0.0	      0.000000	259	43958	
000288	  0.036881	10334.733398	    160.736360	    160.736360	632	    160.734476	    160.747348	0.0	      0.000000	260	7416072	
000289	 -0.039050	 18.078749	    160.786386	    160.786386	17418	    160.775395	    160.797374	0.0	      0.000000	260	7416072	
000290	  0.010847	339.773254	    160.836377	    160.836377	34192	    160.825385	    160.847365	0.0	      0.000000	260	7416072	
000291	 -0.004339	77366.382812	    160.861500	    160.861500	42622	    160.850509	    160.872488	0.0	      0.000000	260	7416072	
000292	  0.004339	28157.259766	    160.886373	    160.886373	50968	    160.875382	    160.897361	0.0	      0.000000	260	7416072	
000293	  0.013017	122587.640625	    160.911329	    160.911329	59342	    160.900338	    160.922318	0.0	      0.000000	260	7416072	
000294	 -0.002169	180.292267	    160.961484	    160.961484	10635	    160.950493	    160.972472	0.0	      0.000000	261	8448180	
000295	 -0.045559	593143.937500	    161.011409	    161.011409	27387	    161.000417	    161.022397	0.0	      0.000000	261	8448180	
000296	  0.006508	56181.191406	    161.036425	    161.036425	35781	    161.025434	    161.047413	0.0	      0.000000	261	8448180	
000297	  0.015186	208.034637	    161.106627	    161.106627	59337	    161.095636	    161.117615	0.0	      0.000000	261	8448180	
000298	  0.019525	15765.097656	    161.323728	    161.323728	1112	    161.320414	    161.334716	0.0	      0.000000	263	8916778	
000299	  0.021695	7937.998535	    161.527427	    161.527427	3926	    161.516436	    161.538415	0.0	      0.000000	264	12413854	
000300	  0.021695	 13.901286	    161.659058	    161.659058	48094	    161.648067	    161.670046	0.0	      0.000000	264	12413854	
000301	  0.030372	356.289154	    161.711265	    161.711265	76	    161.711039	    161.722254	0.0	      0.000000	265	1423	
000302	  0.125829	123.591324	    162.061237	    162.061237	51971	    162.050246	    162.072225	0.0	      0.000000	266	8941162	
000303	 -0.013017	145.081650	    162.111055	    162.111055	3151	    162.101664	    162.122043	0.0	      0.000000	267	8913488	
000304	  0.088948	 63.630096	    162.335854	    162.335854	13045	    162.324862	    162.346842	0.0	      0.000000	268	5797	
000305	  0.086779	 23.888468	    162.385969	    162.385969	29861	    162.374978	    162.396957	0.0	      0.000000	268	5797	
000306	  0.021695	 14.688145	    162.586253	    162.586253	31529	    162.575262	    162.597241	0.0	      0.000000	269	4288	
000307	  0.039050	 51.297077	    162.661015	    162.661015	56615	    162.650024	    162.672003	0.0	      0.000000	269	4288	
000308	  0.093287	 14.751736	    162.861108	    162.861108	58219	    162.850116	    162.872096	0.0	      0.000000	270	291	
000309	  0.095456	 45.937389	    162.935941	    162.935941	17793	    162.924950	    162.946929	0.0	      0.000000	271	2648	
000310	 -0.162710	 35.204792	    164.710777	    164.710777	23505	    164.699786	    164.721765	0.0	      0.000000	280	4031	
000311	  0.132337	 32.245892	    164.810701	    164.810701	57034	    164.799710	    164.821689	0.0	      0.000000	280	4031	
000312	  0.010847	 21.338694	    165.104245	    165.104245	24459	    165.093254	    165.115233	0.0	      0.000000	282	57	
000313	  0.394842	 17.299339	    166.185986	    166.185986	59751	    166.174995	    166.196974	0.0	      0.000000	287	1679	
000314	  0.056406	 70.479713	    166.242750	    166.242750	13262	    166.231759	    166.253738	0.0	      0.000000	288	7177579	
000315	  0.019525	 12.300064	    166.348715	    166.348715	48818	    166.337724	    166.359704	0.0	      0.000000	288	7177579	
000316	  0.522841	 27.612658	    166.410913	    166.410913	4152	    166.399922	    166.421901	0.0	      0.000000	289	5118	
000317	 -0.002169	366.265594	    166.623615	    166.623615	9987	    166.612624	    166.634603	0.0	      0.000000	290	90839	
000318	  0.021695	127.757294	    167.010646	    167.010646	8781	    166.999655	    167.021634	0.0	      0.000000	292	196407	
000319	  0.008678	833.855774	    167.123227	    167.123227	46557	    167.112236	    167.134215	0.0	      0.000000	292	196407	
000320	  0.023864	1974.427490	    167.996954	    167.996954	12051	    167.985963	    168.007942	0.0	      0.000000	297	8550538	
000321	  2.230209	 17.853504	    168.396978	    168.396978	15205	    168.385987	    168.407967	0.0	      0.000000	299	4084	
000322	  1.839705	 55.831238	    168.694295	    168.694295	49432	    168.683304	    168.705283	0.0	      0.000000	300	81063	
000323	  0.021695	 22.953520	    168.835815	    168.835815	31382	    168.824824	    168.846803	0.0	      0.000000	301	38	
000324	 -0.013017	222.153687	    169.060307	    169.060307	41173	    169.049315	    169.071295	0.0	      0.000000	302	169332	
000325	  0.071592	2222.655029	    169.169317	    169.169317	12215	    169.158326	    169.180306	0.0	      0.000000	303	6817238	
000326	 -0.416537	 53.269485	    169.348367	    169.348367	6758	    169.337376	    169.359355	0.0	      0.000000	304	15565	
000327	  0.466435	 16.873365	    169.730865	    169.730865	4031	    169.719874	    169.741853	0.0	      0.000000	306	15394282	
000328	  0.019525	 22.885859	    169.774716	    169.774716	18745	    169.763725	    169.785704	0.0	      0.000000	306	15394282	
000329	  0.021695	26041.568359	    169.889941	    169.889941	57408	    169.878950	    169.900929	0.0	      0.000000	306	15394282	
000330	  0.021695	3311.903076	    170.085727	    170.085727	57567	    170.074736	    170.096715	0.0	      0.000000	307	1720903	
000331	  0.021695	 37.271458	    170.648356	    170.648356	49746	    170.637365	    170.659344	0.0	      0.000000	310	4682	
000332	 -0.167049	146.284912	    171.260189	    171.260189	58435	    171.249198	    171.271177	0.0	      0.000000	313	69511	
000333	  0.054237	 14.746022	    171.489404	    171.489404	4275	    171.478413	    171.500393	0.0	      0.000000	315	341	
000334	  0.054237	579.071228	    171.860327	    171.860327	63200	    171.849336	    171.867286	0.0	      0.000000	316	134901	
000335	  0.058576	194.980453	    172.055625	    172.055625	63195	    172.044634	    172.062598	0.0	      0.000000	317	25780	
000336	 -0.208269	 80.893555	    172.316678	    172.316678	19718	    172.305687	    172.327666	0.0	      0.000000	319	352486	
000337	  0.021695	13478.231445	    172.341748	    172.341748	28130	    172.330757	    172.352736	0.0	      0.000000	319	352486	
000338	  0.010847	 50.663795	    172.509106	    172.509106	18750	    172.498115	    172.520094	0.0	      0.000000	320	2227	
000339	  0.021695	191.896851	    172.716721	    172.716721	22878	    172.705730	    172.727709	0.0	      0.000000	321	23995	
000340	  0.303725	 83.975594	    173.184683	    173.184683	48828	    173.173692	    173.195671	0.0	      0.000000	323	27223	
000341	  0.132337	 14.411345	    173.860754	    173.860754	13536	    173.849763	    173.871742	0.0	      0.000000	327	196	
000342	  0.021695	 26.132341	    175.085377	    175.085377	31235	    175.074385	    175.096365	0.0	      0.000000	333	47	
000343	  0.088948	 98.102425	    177.509497	    177.509497	58203	    177.498506	    177.520486	0.0	      0.000000	345	18624	
000344	  0.336267	 11.959771	    179.083591	    179.083591	62093	    179.072599	    179.093848	0.0	      0.000000	353	766	
000345	  0.023864	262.519257	    180.085026	    180.085026	4903	    180.074035	    180.096014	0.0	      0.000000	359	10865	
000346	  0.017356	 38.896328	    180.102577	    180.102577	10792	    180.091586	    180.113565	0.0	      0.000000	359	10865	
000347	  0.017356	 13.508183	    180.717226	    180.717226	20426	    180.706235	    180.728214	0.0	      0.000000	362	10	
000348	 -0.002169	 84.109177	    181.237541	    181.237541	63943	    181.226550	    181.242286	0.0	      0.000000	364	2609784	
000349	 -0.002169	341.898834	    184.557419	    184.557419	63797	    184.546428	    184.562598	0.0	      0.000000	381	3177277	
000350	 -0.006508	 19.060061	    184.850343	    184.850343	31014	    184.839352	    184.861331	0.0	      0.000000	383	42	
000351	  0.002169	 14.440058	    185.045632	    185.045632	31006	    185.034640	    185.056620	0.0	      0.000000	384	22	
000352	  0.019525	 10.209976	    185.240917	    185.240917	30997	    185.229926	    185.251905	0.0	      0.000000	385	5	
000353	  0.034711	 10.239780	    185.631503	    185.631503	30984	    185.620512	    185.642492	0.0	      0.000000	387	2	
000354	  0.002169	 11.378210	    185.826828	    185.826828	30988	    185.815837	    185.837816	0.0	      0.000000	388	10	
000355	  0.023864	103.857338	    187.584500	    187.584500	30941	    187.573509	    187.595488	0.0	      0.000000	397	623	
000356	  0.023864	2285.517578	    190.084325	    190.084325	17775	    190.073334	    190.095313	0.0	      0.000000	410	262563	
