# -------------------------- o --------------------------
# File ID: TIC435680451.bary.0000.h5 
# -------------------------- o --------------------------
# Source:TICObj 
# MJD: 59402.391958060340	RA: 1h11m39.6s	DEC: 79d09m55.77s
# DELTAT:   0.671089	DELTAF(Hz):   2.980232
# --------------------------
# Top_Hit_# 	Drift_Rate 	SNR 	Uncorrected_Frequency 	Corrected_Frequency 	Index 	freq_start 	freq_end 	SEFD 	SEFD_freq 	Coarse_Channel_Number 	Full_number_of_hits 	
# --------------------------
001	  0.000000	 22.432304	    109.961019	    109.961019	967	    109.958138	    109.965111	0.0	      0.000000	0	1283474	
002	  0.037201	 35.368243	    109.973718	    109.973718	5228	    109.969620	    109.977810	0.0	      0.000000	0	1283474	
003	  0.000000	 11.796300	    109.983920	    109.983920	8651	    109.979822	    109.988011	0.0	      0.000000	0	1283474	
004	 -0.716123	 75.506042	    110.009642	    110.009642	17282	    110.005544	    110.013734	0.0	      0.000000	0	1283474	
005	  0.000000	197.069668	    110.027988	    110.027988	23438	    110.023890	    110.032080	0.0	      0.000000	0	1283474	
006	 -0.009300	8211.801411	    110.044025	    110.044025	28819	    110.039927	    110.048117	0.0	      0.000000	0	1283474	
007	  0.000000	1171.815560	    110.051920	    110.051920	31468	    110.047822	    110.056011	0.0	      0.000000	0	1283474	
008	  0.000000	 15.728840	    110.068660	    110.068660	37085	    110.064562	    110.072751	0.0	      0.000000	0	1283474	
009	  2.813340	 40.154718	    110.120668	    110.120668	54536	    110.116570	    110.124759	0.0	      0.000000	0	1283474	
010	  0.000000	109156.663076	    110.157062	    110.157062	1212	    110.153450	    110.161154	0.0	      0.000000	1	3497642	
011	  0.000000	1869.775243	    110.185300	    110.185300	10687	    110.181202	    110.189392	0.0	      0.000000	1	3497642	
012	 -0.004650	 28.320843	    110.249631	    110.249631	32273	    110.245533	    110.253723	0.0	      0.000000	1	3497642	
013	  0.000000	13891.396716	    110.258214	    110.258214	35153	    110.254116	    110.262306	0.0	      0.000000	1	3497642	
014	  0.000000	402.130312	    110.271598	    110.271598	39644	    110.267501	    110.275690	0.0	      0.000000	1	3497642	
015	 -0.009300	 12.626474	    110.363360	    110.363360	4898	    110.359262	    110.367452	0.0	      0.000000	2	3044340	
016	  0.000000	293.148065	    110.371681	    110.371681	7690	    110.367583	    110.375772	0.0	      0.000000	2	3044340	
017	  0.000000	 18.995719	    110.383295	    110.383295	11587	    110.379197	    110.387386	0.0	      0.000000	2	3044340	
018	 -3.352757	 20.398807	    110.404401	    110.404401	18669	    110.400303	    110.408492	0.0	      0.000000	2	3044340	
019	  0.985832	211.943875	    110.415353	    110.415353	22344	    110.411255	    110.419445	0.0	      0.000000	2	3044340	
020	  0.000000	 22.723840	    110.453282	    110.453282	35071	    110.449185	    110.457374	0.0	      0.000000	2	3044340	
021	  0.027901	1019.772627	    110.467716	    110.467716	39914	    110.463618	    110.471807	0.0	      0.000000	2	3044340	
022	  0.000000	2951.615288	    110.478284	    110.478284	43460	    110.474186	    110.482375	0.0	      0.000000	2	3044340	
023	  0.000000	13013.618814	    110.528277	    110.528277	60235	    110.524179	    110.532369	0.0	      0.000000	2	3044340	
024	  0.000000	103.943978	    110.544072	    110.544072	65535	    110.539974	    110.544072	0.0	      0.000000	2	3044340	
025	  0.009300	 19.069433	    110.552962	    110.552962	2982	    110.548864	    110.557054	0.0	      0.000000	3	9958435	
026	  0.637070	 62.950793	    110.557576	    110.557576	4530	    110.553478	    110.561667	0.0	      0.000000	3	9958435	
027	  0.000000	42881.945086	    110.597985	    110.597985	18089	    110.593887	    110.602076	0.0	      0.000000	3	9958435	
028	  0.000000	297.780811	    110.614283	    110.614283	23558	    110.610186	    110.618375	0.0	      0.000000	3	9958435	
029	  0.000000	292.113609	    110.625564	    110.625564	27343	    110.621466	    110.629655	0.0	      0.000000	3	9958435	
030	  0.000000	 17.275580	    110.632964	    110.632964	29826	    110.628866	    110.637055	0.0	      0.000000	3	9958435	
031	  0.000000	13873.105992	    110.647963	    110.647963	34859	    110.643865	    110.652055	0.0	      0.000000	3	9958435	
032	  0.000000	5670.029340	    110.667975	    110.667975	41574	    110.663877	    110.672067	0.0	      0.000000	3	9958435	
033	  0.000000	61547.236344	    110.672967	    110.672967	43249	    110.668869	    110.677059	0.0	      0.000000	3	9958435	
034	  0.000000	 43.339315	    110.688843	    110.688843	48576	    110.684745	    110.692935	0.0	      0.000000	3	9958435	
035	  0.004650	 35.133162	    110.702400	    110.702400	53125	    110.698302	    110.706492	0.0	      0.000000	3	9958435	
036	  0.004650	 31.962897	    110.710560	    110.710560	55863	    110.706462	    110.714652	0.0	      0.000000	3	9958435	
037	  0.000000	95660.216029	    110.717972	    110.717972	58350	    110.713874	    110.722064	0.0	      0.000000	3	9958435	
038	  0.000000	 29.772051	    110.724880	    110.724880	60668	    110.720782	    110.728972	0.0	      0.000000	3	9958435	
039	  0.000000	 14.769005	    110.752659	    110.752659	4453	    110.748561	    110.756750	0.0	      0.000000	4	6567727	
040	  0.000000	 13.234852	    110.767655	    110.767655	9485	    110.763557	    110.771747	0.0	      0.000000	4	6567727	
041	  0.000000	716.093131	    110.772647	    110.772647	11160	    110.768549	    110.776739	0.0	      0.000000	4	6567727	
042	  0.000000	277.049416	    110.782649	    110.782649	14516	    110.778551	    110.786741	0.0	      0.000000	4	6567727	
043	  0.000000	192.600778	    110.790153	    110.790153	17034	    110.786055	    110.794245	0.0	      0.000000	4	6567727	
044	  0.000000	 59.893045	    110.807647	    110.807647	22904	    110.803549	    110.811739	0.0	      0.000000	4	6567727	
045	  0.000000	672.209698	    110.812523	    110.812523	24540	    110.808425	    110.816614	0.0	      0.000000	4	6567727	
046	  0.000000	6329195.751598	    110.827650	    110.827650	29616	    110.823552	    110.831742	0.0	      0.000000	4	6567727	
047	  0.004650	 27.670628	    110.847221	    110.847221	36183	    110.843124	    110.851313	0.0	      0.000000	4	6567727	
048	  0.000000	2743.465428	    110.857646	    110.857646	39681	    110.853548	    110.861738	0.0	      0.000000	4	6567727	
049	  0.000000	1567.869996	    110.863520	    110.863520	41652	    110.859422	    110.867612	0.0	      0.000000	4	6567727	
050	 -0.023251	 30.235961	    110.902651	    110.902651	54782	    110.898553	    110.906743	0.0	      0.000000	4	6567727	
051	 -0.037201	 11.471855	    110.932671	    110.932671	64855	    110.928573	    110.934697	0.0	      0.000000	4	6567727	
052	  0.000000	 53.863421	    110.965274	    110.965274	10259	    110.961176	    110.969366	0.0	      0.000000	5	6430236	
053	  0.000000	 10.664312	    110.975052	    110.975052	13540	    110.970955	    110.979144	0.0	      0.000000	5	6430236	
054	  0.000000	 16.369485	    111.013748	    111.013748	26524	    111.009650	    111.017840	0.0	      0.000000	5	6430236	
055	  0.000000	1638.921779	    111.032333	    111.032333	32760	    111.028235	    111.036424	0.0	      0.000000	5	6430236	
056	 -0.018601	491.872043	    111.059837	    111.059837	41989	    111.055739	    111.063929	0.0	      0.000000	5	6430236	
057	  0.004650	12405.967336	    111.094423	    111.094423	53594	    111.090325	    111.098515	0.0	      0.000000	5	6430236	
058	  0.000000	258978.266708	    111.101936	    111.101936	56115	    111.097838	    111.106028	0.0	      0.000000	5	6430236	
059	  0.000000	30528.695466	    111.123259	    111.123259	63270	    111.119162	    111.127351	0.0	      0.000000	5	6430236	
060	  0.000000	590.185140	    111.133556	    111.133556	1189	    111.130013	    111.137648	0.0	      0.000000	6	6283744	
061	  0.000000	4243.725870	    111.143552	    111.143552	4543	    111.139454	    111.147644	0.0	      0.000000	6	6283744	
062	  0.000000	2588.114419	    111.150457	    111.150457	6860	    111.146359	    111.154549	0.0	      0.000000	6	6283744	
063	  0.000000	113.458676	    111.157362	    111.157362	9177	    111.153264	    111.161454	0.0	      0.000000	6	6283744	
064	  0.000000	3714.379825	    111.170180	    111.170180	13478	    111.166082	    111.174272	0.0	      0.000000	6	6283744	
065	  0.000000	1031818.807143	    111.177085	    111.177085	15795	    111.172988	    111.181177	0.0	      0.000000	6	6283744	
066	  0.000000	1262.219557	    111.183991	    111.183991	18112	    111.179893	    111.188082	0.0	      0.000000	6	6283744	
067	  0.000000	174.902052	    111.196803	    111.196803	22411	    111.192705	    111.200894	0.0	      0.000000	6	6283744	
068	  0.000000	 63.907271	    111.203708	    111.203708	24728	    111.199610	    111.207800	0.0	      0.000000	6	6283744	
069	  0.000000	83552.650762	    111.210613	    111.210613	27045	    111.206515	    111.214705	0.0	      0.000000	6	6283744	
070	  0.000000	4590.495707	    111.220612	    111.220612	30400	    111.216514	    111.224704	0.0	      0.000000	6	6283744	
071	  0.000000	203.828707	    111.227517	    111.227517	32717	    111.223419	    111.231609	0.0	      0.000000	6	6283744	
072	 -0.009300	 37.131746	    111.234425	    111.234425	35035	    111.230327	    111.238517	0.0	      0.000000	6	6283744	
073	  0.000000	304.519511	    111.244144	    111.244144	38296	    111.240046	    111.248235	0.0	      0.000000	6	6283744	
074	  0.000000	242.293767	    111.254142	    111.254142	41651	    111.250044	    111.258234	0.0	      0.000000	6	6283744	
075	  0.000000	328.770987	    111.270125	    111.270125	47014	    111.266027	    111.274217	0.0	      0.000000	6	6283744	
076	 -0.013950	 21.124412	    111.280777	    111.280777	50588	    111.276679	    111.284868	0.0	      0.000000	6	6283744	
077	 -0.013950	 50.543519	    111.288433	    111.288433	53157	    111.284335	    111.292525	0.0	      0.000000	6	6283744	
078	  0.009300	111.846181	    111.298423	    111.298423	56509	    111.294325	    111.302514	0.0	      0.000000	6	6283744	
079	  0.000000	163.949990	    111.305328	    111.305328	58826	    111.301230	    111.309420	0.0	      0.000000	6	6283744	
080	  0.000000	161.262022	    111.312233	    111.312233	61143	    111.308135	    111.316325	0.0	      0.000000	6	6283744	
081	  0.000000	131.362896	    111.319138	    111.319138	63460	    111.315040	    111.323230	0.0	      0.000000	6	6283744	
082	  0.000000	 27.610356	    111.325048	    111.325048	65443	    111.320950	    111.325322	0.0	      0.000000	6	6283744	
083	  2.008864	489.352993	    111.356397	    111.356397	10426	    111.352299	    111.360489	0.0	      0.000000	7	851648	
084	 -0.051152	 23.403458	    111.406131	    111.406131	27114	    111.402033	    111.410223	0.0	      0.000000	7	851648	
085	 -3.445760	 19.042108	    111.421265	    111.421265	32192	    111.417167	    111.425357	0.0	      0.000000	7	851648	
086	  3.134200	 10.398833	    111.442862	    111.442862	39439	    111.438765	    111.446954	0.0	      0.000000	7	851648	
087	  0.000000	 27.642376	    111.500444	    111.500444	58760	    111.496346	    111.504535	0.0	      0.000000	7	851648	
088	  1.776357	 20.488521	    111.513354	    111.513354	63092	    111.509256	    111.517446	0.0	      0.000000	7	851648	
089	 -0.004650	5109.814609	    111.520614	    111.520614	65528	    111.516516	    111.520635	0.0	      0.000000	7	851648	
090	  0.000000	8122.807991	    111.521395	    111.521395	254	    111.520638	    111.525486	0.0	      0.000000	8	5623637	
091	  0.000000	141.630943	    111.526416	    111.526416	1939	    111.522318	    111.530508	0.0	      0.000000	8	5623637	
092	  0.000000	2318.074547	    111.533545	    111.533545	4331	    111.529447	    111.537637	0.0	      0.000000	8	5623637	
093	  0.000000	1769.621183	    111.538564	    111.538564	6015	    111.534466	    111.542656	0.0	      0.000000	8	5623637	
094	  0.000000	3194.391799	    111.548878	    111.548878	9476	    111.544780	    111.552970	0.0	      0.000000	8	5623637	
095	  0.000000	1035.349702	    111.553900	    111.553900	11161	    111.549802	    111.557992	0.0	      0.000000	8	5623637	
096	  0.000000	1444.908125	    111.566050	    111.566050	15238	    111.561953	    111.570142	0.0	      0.000000	8	5623637	
097	  0.000000	1130.512513	    111.571072	    111.571072	16923	    111.566974	    111.575164	0.0	      0.000000	8	5623637	
098	  0.000000	1175.542062	    111.576362	    111.576362	18698	    111.572264	    111.580454	0.0	      0.000000	8	5623637	
099	  0.000000	17528.260827	    111.581384	    111.581384	20383	    111.577286	    111.585476	0.0	      0.000000	8	5623637	
100	  0.000000	719.853390	    111.593534	    111.593534	24460	    111.589436	    111.597626	0.0	      0.000000	8	5623637	
101	  0.000000	858.849594	    111.598556	    111.598556	26145	    111.594458	    111.602648	0.0	      0.000000	8	5623637	
102	  0.000000	3621.659503	    111.608870	    111.608870	29606	    111.604773	    111.612962	0.0	      0.000000	8	5623637	
103	  0.000000	2101.569185	    111.613892	    111.613892	31291	    111.609794	    111.617984	0.0	      0.000000	8	5623637	
104	  0.000000	316.610310	    111.619182	    111.619182	33066	    111.615084	    111.623274	0.0	      0.000000	8	5623637	
105	  0.000000	1423.250730	    111.626042	    111.626042	35368	    111.621945	    111.630134	0.0	      0.000000	8	5623637	
106	  0.000000	1092.203964	    111.631064	    111.631064	37053	    111.626966	    111.635156	0.0	      0.000000	8	5623637	
107	  0.000000	544.340672	    111.636354	    111.636354	38828	    111.632256	    111.640446	0.0	      0.000000	8	5623637	
108	  0.000000	6954.249589	    111.641376	    111.641376	40513	    111.637278	    111.645468	0.0	      0.000000	8	5623637	
109	  0.000000	436.126566	    111.646400	    111.646400	42199	    111.642303	    111.650492	0.0	      0.000000	8	5623637	
110	  0.000000	1428.959723	    111.651690	    111.651690	43974	    111.647593	    111.655782	0.0	      0.000000	8	5623637	
111	  0.000000	1504.948189	    111.656709	    111.656709	45658	    111.652611	    111.660801	0.0	      0.000000	8	5623637	
112	  0.000000	3377.915157	    111.668859	    111.668859	49735	    111.664762	    111.672951	0.0	      0.000000	8	5623637	
113	  0.000000	2709.574981	    111.673881	    111.673881	51420	    111.669783	    111.677973	0.0	      0.000000	8	5623637	
114	  0.000000	1140.657220	    111.684193	    111.684193	54880	    111.680095	    111.688285	0.0	      0.000000	8	5623637	
115	  0.000000	636.984280	    111.689217	    111.689217	56566	    111.685120	    111.693309	0.0	      0.000000	8	5623637	
116	  0.000000	695.276366	    111.696343	    111.696343	58957	    111.692245	    111.700435	0.0	      0.000000	8	5623637	
117	  0.000000	2577.012190	    111.701368	    111.701368	60643	    111.697270	    111.705460	0.0	      0.000000	8	5623637	
118	  0.000000	582.430269	    111.706390	    111.706390	62328	    111.702292	    111.710481	0.0	      0.000000	8	5623637	
119	  0.000000	907.800127	    111.711679	    111.711679	64103	    111.707582	    111.715771	0.0	      0.000000	8	5623637	
120	 -0.004650	 49.361402	    111.727224	    111.727224	3783	    111.723127	    111.731316	0.0	      0.000000	9	8152900	
121	  0.000000	 10.329215	    111.735816	    111.735816	6666	    111.731719	    111.739908	0.0	      0.000000	9	8152900	
122	  0.000000	3173.069599	    111.758937	    111.758937	14424	    111.754839	    111.763029	0.0	      0.000000	9	8152900	
123	  0.009300	1001.294595	    111.764558	    111.764558	16310	    111.760460	    111.768650	0.0	      0.000000	9	8152900	
124	  0.018601	29598.143157	    111.770017	    111.770017	18142	    111.765920	    111.774109	0.0	      0.000000	9	8152900	
125	  0.000000	9150.778140	    111.778076	    111.778076	20846	    111.773978	    111.782168	0.0	      0.000000	9	8152900	
126	 -0.009300	13494.554664	    111.791606	    111.791606	25386	    111.787508	    111.795698	0.0	      0.000000	9	8152900	
127	  0.000000	807.395840	    111.801060	    111.801060	28558	    111.796962	    111.805151	0.0	      0.000000	9	8152900	
128	 -0.004650	1154.941874	    111.811052	    111.811052	31911	    111.806954	    111.815144	0.0	      0.000000	9	8152900	
129	  0.000000	41355.450824	    111.827301	    111.827301	37363	    111.823203	    111.831392	0.0	      0.000000	9	8152900	
130	  0.004650	762.906962	    111.848237	    111.848237	44388	    111.844139	    111.852329	0.0	      0.000000	9	8152900	
131	 -0.846327	130.082999	    111.866723	    111.866723	50591	    111.862625	    111.870815	0.0	      0.000000	9	8152900	
132	 -0.506866	204.628905	    111.873813	    111.873813	52970	    111.869715	    111.877905	0.0	      0.000000	9	8152900	
133	  0.000000	125.857575	    111.881377	    111.881377	55508	    111.877279	    111.885469	0.0	      0.000000	9	8152900	
134	 -0.032551	1322.168023	    111.889397	    111.889397	58199	    111.885299	    111.893489	0.0	      0.000000	9	8152900	
135	 -0.172056	478.763146	    111.903192	    111.903192	62828	    111.899094	    111.907284	0.0	      0.000000	9	8152900	
136	  0.000000	 35.285645	    111.911301	    111.911301	13	    111.911263	    111.915393	0.0	      0.000000	10	5897224	
137	  0.000000	1330.352686	    111.920430	    111.920430	3076	    111.916332	    111.924522	0.0	      0.000000	10	5897224	
138	  0.000000	5295.706143	    111.948617	    111.948617	12534	    111.944519	    111.952709	0.0	      0.000000	10	5897224	
139	 -0.004650	8101.875108	    111.966871	    111.966871	18659	    111.962773	    111.970963	0.0	      0.000000	10	5897224	
140	  0.000000	171962.674645	    111.985745	    111.985745	24992	    111.981647	    111.989836	0.0	      0.000000	10	5897224	
141	 -0.046501	353.982384	    111.996515	    111.996515	28606	    111.992417	    112.000607	0.0	      0.000000	10	5897224	
142	  0.000000	2526.028509	    112.003620	    112.003620	30990	    111.999522	    112.007712	0.0	      0.000000	10	5897224	
143	  0.000000	2116885.357552	    112.022816	    112.022816	37431	    112.018718	    112.026908	0.0	      0.000000	10	5897224	
144	  0.390612	 13.368873	    112.030350	    112.030350	39959	    112.026252	    112.034442	0.0	      0.000000	10	5897224	
145	  0.000000	70904.044910	    112.048747	    112.048747	46132	    112.044649	    112.052839	0.0	      0.000000	10	5897224	
146	  0.000000	53345.257834	    112.055494	    112.055494	48396	    112.051396	    112.059586	0.0	      0.000000	10	5897224	
147	  0.000000	53486.168501	    112.059616	    112.059616	49779	    112.055518	    112.063707	0.0	      0.000000	10	5897224	
148	  0.000000	107.657065	    112.105374	    112.105374	65133	    112.101276	    112.106572	0.0	      0.000000	10	5897224	
149	  0.000000	370.632758	    112.121405	    112.121405	4976	    112.117307	    112.125497	0.0	      0.000000	11	1952104	
150	  0.000000	 12.536212	    112.160461	    112.160461	18081	    112.156363	    112.164553	0.0	      0.000000	11	1952104	
151	  0.000000	 32.046226	    112.180464	    112.180464	24793	    112.176366	    112.184556	0.0	      0.000000	11	1952104	
152	  0.000000	13512.630286	    112.260421	    112.260421	51622	    112.256323	    112.264513	0.0	      0.000000	11	1952104	
153	  0.000000	20472.123032	    112.280421	    112.280421	58333	    112.276323	    112.284513	0.0	      0.000000	11	1952104	
154	  0.046501	 40.656491	    112.291436	    112.291436	62029	    112.287338	    112.295528	0.0	      0.000000	11	1952104	
155	 -0.009300	5611.368840	    112.301876	    112.301876	65532	    112.297778	    112.301885	0.0	      0.000000	11	1952104	
156	  0.000000	444.777844	    112.302609	    112.302609	242	    112.301888	    112.306701	0.0	      0.000000	12	5960586	
157	  0.000000	1247.829288	    112.306984	    112.306984	1710	    112.302886	    112.311076	0.0	      0.000000	12	5960586	
158	  0.000000	1269.331411	    112.319796	    112.319796	6009	    112.315698	    112.323888	0.0	      0.000000	12	5960586	
159	  0.000000	1767.928192	    112.326984	    112.326984	8421	    112.322886	    112.331076	0.0	      0.000000	12	5960586	
160	  0.000000	1107.023279	    112.337922	    112.337922	12091	    112.333824	    112.342013	0.0	      0.000000	12	5960586	
161	  0.000000	2116.890952	    112.346984	    112.346984	15132	    112.342887	    112.351076	0.0	      0.000000	12	5960586	
162	  0.000000	1331.170438	    112.357919	    112.357919	18801	    112.353821	    112.362011	0.0	      0.000000	12	5960586	
163	  0.000000	1339.072305	    112.366982	    112.366982	21842	    112.362884	    112.371074	0.0	      0.000000	12	5960586	
164	  0.000000	1451.393192	    112.376981	    112.376981	25197	    112.372883	    112.381072	0.0	      0.000000	12	5960586	
165	  0.000000	1729.288183	    112.387918	    112.387918	28867	    112.383820	    112.392010	0.0	      0.000000	12	5960586	
166	  0.000000	2121.143705	    112.397920	    112.397920	32223	    112.393822	    112.402011	0.0	      0.000000	12	5960586	
167	  0.000000	1585.577316	    112.407918	    112.407918	35578	    112.403820	    112.412010	0.0	      0.000000	12	5960586	
168	  0.000000	1194.062343	    112.417920	    112.417920	38934	    112.413822	    112.422012	0.0	      0.000000	12	5960586	
169	  0.000000	2172.646664	    112.427919	    112.427919	42289	    112.423821	    112.432011	0.0	      0.000000	12	5960586	
170	  0.000000	1211.163400	    112.435107	    112.435107	44701	    112.431009	    112.439199	0.0	      0.000000	12	5960586	
171	  0.000000	1250.647082	    112.445106	    112.445106	48056	    112.441008	    112.449198	0.0	      0.000000	12	5960586	
172	  0.000000	5735.441233	    112.455107	    112.455107	51412	    112.451009	    112.459199	0.0	      0.000000	12	5960586	
173	  0.000000	3103.507432	    112.465106	    112.465106	54767	    112.461008	    112.469198	0.0	      0.000000	12	5960586	
174	  0.000000	905.771421	    112.475105	    112.475105	58122	    112.471007	    112.479197	0.0	      0.000000	12	5960586	
175	  0.000000	5813.106915	    112.485103	    112.485103	61477	    112.481006	    112.489195	0.0	      0.000000	12	5960586	
176	  0.000000	1024.886403	    112.492292	    112.492292	63889	    112.488194	    112.496384	0.0	      0.000000	12	5960586	
177	  0.000000	 83.615426	    112.499787	    112.499787	868	    112.497200	    112.503879	0.0	      0.000000	13	4141366	
178	  0.000000	 65.826837	    112.504791	    112.504791	2547	    112.500693	    112.508883	0.0	      0.000000	13	4141366	
179	  0.000000	540.840379	    112.509789	    112.509789	4224	    112.505691	    112.513880	0.0	      0.000000	13	4141366	
180	  0.000000	 50.093776	    112.514477	    112.514477	5797	    112.510379	    112.518568	0.0	      0.000000	13	4141366	
181	  0.000000	 62.547281	    112.519790	    112.519790	7580	    112.515692	    112.523882	0.0	      0.000000	13	4141366	
182	  0.000000	2807.694500	    112.529789	    112.529789	10935	    112.525691	    112.533881	0.0	      0.000000	13	4141366	
183	  0.000000	729.275372	    112.544481	    112.544481	15865	    112.540384	    112.548573	0.0	      0.000000	13	4141366	
184	  0.000000	1138.715633	    112.554790	    112.554790	19324	    112.550692	    112.558882	0.0	      0.000000	13	4141366	
185	  0.000000	 71.996124	    112.564482	    112.564482	22576	    112.560384	    112.568574	0.0	      0.000000	13	4141366	
186	  0.000000	177.558434	    112.569480	    112.569480	24253	    112.565382	    112.573572	0.0	      0.000000	13	4141366	
187	  0.000000	 58.414236	    112.574790	    112.574790	26035	    112.570693	    112.578882	0.0	      0.000000	13	4141366	
188	  0.000000	191.558129	    112.579788	    112.579788	27712	    112.575690	    112.583880	0.0	      0.000000	13	4141366	
189	  0.000000	 53.375413	    112.584792	    112.584792	29391	    112.580694	    112.588884	0.0	      0.000000	13	4141366	
190	  0.000000	 12.316160	    112.589480	    112.589480	30964	    112.585382	    112.593572	0.0	      0.000000	13	4141366	
191	  0.000000	 39.954028	    112.595098	    112.595098	32849	    112.591000	    112.599190	0.0	      0.000000	13	4141366	
192	  0.000000	705.541805	    112.599622	    112.599622	34367	    112.595524	    112.603714	0.0	      0.000000	13	4141366	
193	  0.000000	2531.284735	    112.609790	    112.609790	37779	    112.605692	    112.613882	0.0	      0.000000	13	4141366	
194	  0.000000	1863.650756	    112.620099	    112.620099	41238	    112.616001	    112.624191	0.0	      0.000000	13	4141366	
195	  0.000000	364.352522	    112.624480	    112.624480	42708	    112.620382	    112.628572	0.0	      0.000000	13	4141366	
196	  0.000000	89531.349759	    112.634788	    112.634788	46167	    112.630691	    112.638880	0.0	      0.000000	13	4141366	
197	  0.000000	9395.294324	    112.645097	    112.645097	49626	    112.640999	    112.649189	0.0	      0.000000	13	4141366	
198	  0.000000	110140.082715	    112.659790	    112.659790	54556	    112.655692	    112.663882	0.0	      0.000000	13	4141366	
199	  0.000000	3807.106798	    112.669788	    112.669788	57911	    112.665691	    112.673880	0.0	      0.000000	13	4141366	
200	  0.000000	669.156832	    112.684788	    112.684788	62944	    112.680690	    112.688880	0.0	      0.000000	13	4141366	
201	  0.000000	 12.609652	    112.704475	    112.704475	4014	    112.700377	    112.708567	0.0	      0.000000	14	810226	
202	  0.000000	 33.212590	    112.714754	    112.714754	7463	    112.710656	    112.718846	0.0	      0.000000	14	810226	
203	  0.000000	 16.784454	    112.719472	    112.719472	9046	    112.715374	    112.723564	0.0	      0.000000	14	810226	
204	 -0.437114	 17.882360	    112.725128	    112.725128	10944	    112.721030	    112.729220	0.0	      0.000000	14	810226	
205	  0.000000	10761.421727	    112.744476	    112.744476	17436	    112.740378	    112.748568	0.0	      0.000000	14	810226	
206	  0.000000	 10.038929	    112.769480	    112.769480	25826	    112.765382	    112.773572	0.0	      0.000000	14	810226	
207	  0.000000	 17.392660	    112.829469	    112.829469	45955	    112.825371	    112.833561	0.0	      0.000000	14	810226	
208	  0.000000	3833.334508	    112.874468	    112.874468	61054	    112.870370	    112.878560	0.0	      0.000000	14	810226	
209	  0.000000	 35.176713	    112.887757	    112.887757	65513	    112.883659	    112.887822	0.0	      0.000000	14	810226	
210	  0.000000	 42.561325	    112.887837	    112.887837	4	    112.887825	    112.891929	0.0	      0.000000	15	6903384	
211	  0.000000	9578.081634	    112.895034	    112.895034	2419	    112.890936	    112.899126	0.0	      0.000000	15	6903384	
212	  0.000000	132.616022	    112.910850	    112.910850	7726	    112.906753	    112.914942	0.0	      0.000000	15	6903384	
213	  0.000000	81603.973178	    112.930907	    112.930907	14456	    112.926810	    112.934999	0.0	      0.000000	15	6903384	
214	  0.213907	153373.690214	    113.003178	    113.003178	38706	    112.999080	    113.007270	0.0	      0.000000	15	6903384	
215	  0.000000	18807.689961	    113.074462	    113.074462	62625	    113.070364	    113.078554	0.0	      0.000000	15	6903384	
216	  0.000000	1711.872567	    113.079543	    113.079543	64330	    113.075446	    113.083135	0.0	      0.000000	15	6903384	
217	 -0.009300	1101.109866	    113.092406	    113.092406	3110	    113.088308	    113.096498	0.0	      0.000000	16	1749979	
218	 -0.055802	 83.650058	    113.101803	    113.101803	6263	    113.097705	    113.105895	0.0	      0.000000	16	1749979	
219	  1.311342	133.700086	    113.135327	    113.135327	17512	    113.131230	    113.139419	0.0	      0.000000	16	1749979	
220	  0.000000	152.714165	    113.144837	    113.144837	20703	    113.140740	    113.148929	0.0	      0.000000	16	1749979	
221	  0.000000	 16.533748	    113.173603	    113.173603	30355	    113.169505	    113.177694	0.0	      0.000000	16	1749979	
222	  0.000000	 13.513732	    113.183428	    113.183428	33652	    113.179331	    113.187520	0.0	      0.000000	16	1749979	
223	 -0.009300	 37.346288	    113.191648	    113.191648	36410	    113.187550	    113.195740	0.0	      0.000000	16	1749979	
224	 -0.009300	 10.594959	    113.208847	    113.208847	42181	    113.204749	    113.212939	0.0	      0.000000	16	1749979	
225	  0.000000	 29.739874	    113.226835	    113.226835	48217	    113.222738	    113.230927	0.0	      0.000000	16	1749979	
226	 -0.009300	102.019007	    113.239940	    113.239940	52614	    113.235842	    113.244031	0.0	      0.000000	16	1749979	
227	  0.000000	 96.063796	    113.255937	    113.255937	57982	    113.251840	    113.260029	0.0	      0.000000	16	1749979	
228	  0.000000	 41.199038	    113.263749	    113.263749	60603	    113.259651	    113.267840	0.0	      0.000000	16	1749979	
229	  0.000000	156.137980	    113.268836	    113.268836	62310	    113.264738	    113.272928	0.0	      0.000000	16	1749979	
230	  0.000000	 17.035999	    113.289522	    113.289522	3715	    113.285424	    113.293614	0.0	      0.000000	17	1322718	
231	  0.000000	 37.901382	    113.297538	    113.297538	6405	    113.293441	    113.301630	0.0	      0.000000	17	1322718	
232	  0.000000	136.082184	    113.414310	    113.414310	45587	    113.410212	    113.418402	0.0	      0.000000	17	1322718	
233	  0.000000	 10.040258	    113.428541	    113.428541	50362	    113.424443	    113.432632	0.0	      0.000000	17	1322718	
234	  0.000000	 18.334059	    113.448517	    113.448517	57065	    113.444419	    113.452609	0.0	      0.000000	17	1322718	
235	 -0.013950	620.325227	    113.473688	    113.473688	65511	    113.469590	    113.473760	0.0	      0.000000	17	1322718	
236	  0.000000	84436.697543	    113.483204	    113.483204	3168	    113.479106	    113.487296	0.0	      0.000000	18	6395051	
237	  0.000000	770.031482	    113.492911	    113.492911	6425	    113.488813	    113.497002	0.0	      0.000000	18	6395051	
238	  0.000000	260.717349	    113.503210	    113.503210	9881	    113.499112	    113.507302	0.0	      0.000000	18	6395051	
239	  0.000000	3688.961914	    113.515703	    113.515703	14073	    113.511606	    113.519795	0.0	      0.000000	18	6395051	
240	  0.000000	617.723849	    113.523205	    113.523205	16590	    113.519107	    113.527297	0.0	      0.000000	18	6395051	
241	  0.000000	4920.968952	    113.527890	    113.527890	18162	    113.523792	    113.531981	0.0	      0.000000	18	6395051	
242	  0.000000	112.260881	    113.537888	    113.537888	21517	    113.533790	    113.541980	0.0	      0.000000	18	6395051	
243	  0.000000	941.599536	    113.543202	    113.543202	23300	    113.539104	    113.547294	0.0	      0.000000	18	6395051	
244	  0.000000	1000.147206	    113.551013	    113.551013	25921	    113.546915	    113.555105	0.0	      0.000000	18	6395051	
245	  0.000000	25041.638370	    113.563202	    113.563202	30011	    113.559105	    113.567294	0.0	      0.000000	18	6395051	
246	  0.000000	3039.060475	    113.573201	    113.573201	33366	    113.569103	    113.577293	0.0	      0.000000	18	6395051	
247	  0.000000	 90.730696	    113.588513	    113.588513	38504	    113.584416	    113.592605	0.0	      0.000000	18	6395051	
248	  0.000000	12272.433034	    113.598202	    113.598202	41755	    113.594104	    113.602294	0.0	      0.000000	18	6395051	
249	  0.000000	4058.157710	    113.608222	    113.608222	45117	    113.604124	    113.612314	0.0	      0.000000	18	6395051	
250	  0.000000	 27.109344	    113.621013	    113.621013	49409	    113.616915	    113.625105	0.0	      0.000000	18	6395051	
251	  0.000000	1870.648011	    113.631015	    113.631015	52765	    113.626917	    113.635106	0.0	      0.000000	18	6395051	
252	  0.000000	62129.733492	    113.643201	    113.643201	56854	    113.639103	    113.647293	0.0	      0.000000	18	6395051	
253	  0.000000	357.683102	    113.653199	    113.653199	60209	    113.649102	    113.657291	0.0	      0.000000	18	6395051	
254	 -0.004650	316.858793	    113.668512	    113.668512	65347	    113.664414	    113.669072	0.0	      0.000000	18	6395051	
255	  0.000000	28129.299757	    113.677894	    113.677894	2959	    113.673796	    113.681985	0.0	      0.000000	19	2946077	
256	  0.000000	30194.881270	    113.687886	    113.687886	6312	    113.683789	    113.691978	0.0	      0.000000	19	2946077	
257	 -0.013950	 13.505916	    113.697375	    113.697375	9496	    113.693278	    113.701467	0.0	      0.000000	19	2946077	
258	  0.000000	 13.898482	    113.707878	    113.707878	13020	    113.703780	    113.711970	0.0	      0.000000	19	2946077	
259	  0.000000	 11.370700	    113.718294	    113.718294	16515	    113.714196	    113.722386	0.0	      0.000000	19	2946077	
260	  0.000000	741.820338	    113.727327	    113.727327	19546	    113.723229	    113.731419	0.0	      0.000000	19	2946077	
261	 -0.018601	 16.730287	    113.757335	    113.757335	29615	    113.753237	    113.761427	0.0	      0.000000	19	2946077	
262	 -0.246458	 20.119936	    113.775699	    113.775699	35777	    113.771601	    113.779791	0.0	      0.000000	19	2946077	
263	  0.013950	133.904770	    113.802348	    113.802348	44719	    113.798250	    113.806440	0.0	      0.000000	19	2946077	
264	  0.000000	108.364421	    113.809879	    113.809879	47246	    113.805781	    113.813971	0.0	      0.000000	19	2946077	
265	  0.000000	10506.480177	    113.843195	    113.843195	58425	    113.839097	    113.847287	0.0	      0.000000	19	2946077	
266	  0.000000	 13.423898	    113.853882	    113.853882	62011	    113.849784	    113.857974	0.0	      0.000000	19	2946077	
267	  0.000000	7175.589409	    113.967566	    113.967566	34621	    113.963468	    113.971658	0.0	      0.000000	20	2051732	
268	  0.000000	 23.370761	    114.034121	    114.034121	56953	    114.030023	    114.038213	0.0	      0.000000	20	2051732	
269	  0.000000	 12.369111	    114.157249	    114.157249	32732	    114.153151	    114.161341	0.0	      0.000000	21	2	
270	  0.000000	 11.354809	    114.261933	    114.261933	2322	    114.257835	    114.266025	0.0	      0.000000	22	4154	
271	  0.000000	 11.653921	    114.271931	    114.271931	5677	    114.267834	    114.276023	0.0	      0.000000	22	4154	
272	  0.009300	 16.105146	    114.283688	    114.283688	9622	    114.279591	    114.287780	0.0	      0.000000	22	4154	
273	  0.000000	 19.451252	    114.291932	    114.291932	12388	    114.287834	    114.296024	0.0	      0.000000	22	4154	
274	  0.000000	 16.355912	    114.296933	    114.296933	14066	    114.292835	    114.301024	0.0	      0.000000	22	4154	
275	  0.000000	 17.761115	    114.326935	    114.326935	24133	    114.322837	    114.331026	0.0	      0.000000	22	4154	
276	  0.000000	 18.839490	    114.356925	    114.356925	34196	    114.352827	    114.361016	0.0	      0.000000	22	4154	
277	  0.000000	 36.590334	    114.376931	    114.376931	40909	    114.372833	    114.381023	0.0	      0.000000	22	4154	
278	  0.000000	 11.537727	    114.386924	    114.386924	44262	    114.382826	    114.391016	0.0	      0.000000	22	4154	
279	  0.000000	 32.424484	    114.406930	    114.406930	50975	    114.402832	    114.411022	0.0	      0.000000	22	4154	
280	 -0.009300	 54.347466	    114.422061	    114.422061	56052	    114.417963	    114.426152	0.0	      0.000000	22	4154	
281	  0.000000	 10.502066	    114.436923	    114.436923	61039	    114.432825	    114.441015	0.0	      0.000000	22	4154	
282	  0.000000	 11.206399	    114.521606	    114.521606	23918	    114.517508	    114.525698	0.0	      0.000000	23	4	
283	  0.000000	 21.329379	    114.692821	    114.692821	15832	    114.688723	    114.696913	0.0	      0.000000	24	1631	
284	  0.000000	120.187880	    114.788814	    114.788814	48042	    114.784716	    114.792906	0.0	      0.000000	24	1631	
285	  0.000000	154.447420	    114.821757	    114.821757	59096	    114.817660	    114.825849	0.0	      0.000000	24	1631	
286	  0.000000	 10.141850	    115.009041	    115.009041	56402	    115.004943	    115.013133	0.0	      0.000000	25	2	
287	  0.000000	 12.752097	    115.166159	    115.166159	43586	    115.162061	    115.170251	0.0	      0.000000	26	2	
288	 -1.999564	 22.352273	    115.237190	    115.237190	1884	    115.233092	    115.241282	0.0	      0.000000	27	2545621	
289	  0.000000	 15.259224	    115.243004	    115.243004	3835	    115.238906	    115.247096	0.0	      0.000000	27	2545621	
290	  0.004650	20871.264134	    115.252318	    115.252318	6960	    115.248220	    115.256409	0.0	      0.000000	27	2545621	
291	  0.051152	12923.414609	    115.263338	    115.263338	10658	    115.259241	    115.267430	0.0	      0.000000	27	2545621	
292	  0.009300	110336.811225	    115.310486	    115.310486	26478	    115.306388	    115.314578	0.0	      0.000000	27	2545621	
293	 -0.004650	1104.321118	    115.331499	    115.331499	33529	    115.327401	    115.335591	0.0	      0.000000	27	2545621	
294	 -0.009300	 71.289983	    115.381070	    115.381070	50162	    115.376972	    115.385161	0.0	      0.000000	27	2545621	
295	 -0.009300	 12.929894	    115.385340	    115.385340	51595	    115.381242	    115.389432	0.0	      0.000000	27	2545621	
296	  0.000000	7891.655985	    115.426345	    115.426345	65354	    115.422247	    115.426885	0.0	      0.000000	27	2545621	
297	  0.000000	 10.513039	    115.447511	    115.447511	6920	    115.443413	    115.451603	0.0	      0.000000	28	459093	
298	  0.000000	6511.991707	    115.478031	    115.478031	17161	    115.473934	    115.482123	0.0	      0.000000	28	459093	
299	  0.000000	 39.319452	    115.543507	    115.543507	39131	    115.539409	    115.547599	0.0	      0.000000	28	459093	
300	  0.000000	121.589518	    115.628840	    115.628840	2228	    115.624742	    115.632932	0.0	      0.000000	29	138150	
301	  0.000000	2057.449362	    115.644710	    115.644710	7553	    115.640612	    115.648802	0.0	      0.000000	29	138150	
302	 -0.004650	 56.493224	    115.795137	    115.795137	58028	    115.791039	    115.799229	0.0	      0.000000	29	138150	
303	  0.000000	 23.913180	    116.298200	    116.298200	30220	    116.294102	    116.302292	0.0	      0.000000	32	45	
304	  0.000000	 19.222138	    116.318761	    116.318761	37119	    116.314663	    116.322853	0.0	      0.000000	32	45	
305	  0.000000	 10.192867	    116.619416	    116.619416	6930	    116.615318	    116.623507	0.0	      0.000000	34	45	
306	  0.000000	 21.935926	    116.663699	    116.663699	21789	    116.659601	    116.667791	0.0	      0.000000	34	45	
307	  0.004650	 18.743094	    116.760017	    116.760017	54108	    116.755919	    116.764109	0.0	      0.000000	34	45	
308	  0.000000	 90.120662	    116.811623	    116.811623	5888	    116.807525	    116.815715	0.0	      0.000000	35	55692	
309	  0.000000	423.202156	    116.860096	    116.860096	22153	    116.855998	    116.864188	0.0	      0.000000	35	55692	
310	  0.000000	871.551678	    116.908567	    116.908567	38417	    116.904469	    116.912659	0.0	      0.000000	35	55692	
311	  0.000000	632.241025	    116.957034	    116.957034	54680	    116.952936	    116.961126	0.0	      0.000000	35	55692	
312	  0.000000	415.855719	    117.004080	    117.004080	4930	    116.999982	    117.008172	0.0	      0.000000	36	107155	
313	  0.000000	1042.525163	    117.052551	    117.052551	21194	    117.048453	    117.056643	0.0	      0.000000	36	107155	
314	  0.000000	393.524302	    117.101021	    117.101021	37458	    117.096923	    117.105113	0.0	      0.000000	36	107155	
315	  0.000000	1359.992925	    117.149492	    117.149492	53722	    117.145394	    117.153584	0.0	      0.000000	36	107155	
316	 -0.013950	 12.549383	    117.189674	    117.189674	1669	    117.185576	    117.193766	0.0	      0.000000	37	939914	
317	 -0.018601	46842.068196	    117.198698	    117.198698	4697	    117.194600	    117.202790	0.0	      0.000000	37	939914	
318	  1.846109	 57.226519	    117.227088	    117.227088	14223	    117.222990	    117.231180	0.0	      0.000000	37	939914	
319	  0.000000	118.270078	    117.245005	    117.245005	20235	    117.240907	    117.249097	0.0	      0.000000	37	939914	
320	  0.000000	 45.780231	    117.282169	    117.282169	32705	    117.278071	    117.286260	0.0	      0.000000	37	939914	
321	  0.000000	 20.556856	    117.293476	    117.293476	36499	    117.289378	    117.297567	0.0	      0.000000	37	939914	
322	  0.000000	 30.210115	    117.402853	    117.402853	7664	    117.398755	    117.406945	0.0	      0.000000	38	36	
323	  0.000000	 14.505659	    117.506848	    117.506848	42559	    117.502750	    117.510940	0.0	      0.000000	38	36	
324	  0.004650	102.298959	    117.577110	    117.577110	599	    117.575325	    117.581202	0.0	      0.000000	39	12181	
325	  0.000000	 22.679974	    117.596544	    117.596544	7120	    117.592447	    117.600636	0.0	      0.000000	39	12181	
326	 -0.139504	 46.541515	    117.604624	    117.604624	9831	    117.600526	    117.608716	0.0	      0.000000	39	12181	
327	  0.000000	 27.909260	    117.617150	    117.617150	14034	    117.613052	    117.621242	0.0	      0.000000	39	12181	
328	  0.000000	 30.061216	    117.626543	    117.626543	17186	    117.622446	    117.630635	0.0	      0.000000	39	12181	
329	  0.251108	 96.369341	    117.646422	    117.646422	23856	    117.642324	    117.650513	0.0	      0.000000	39	12181	
330	  0.000000	224.610349	    117.686535	    117.686535	37316	    117.682438	    117.690627	0.0	      0.000000	39	12181	
331	  0.000000	 17.946683	    117.691524	    117.691524	38990	    117.687427	    117.695616	0.0	      0.000000	39	12181	
332	 -0.023251	 28.522753	    117.716716	    117.716716	47443	    117.712618	    117.720808	0.0	      0.000000	39	12181	
333	  3.534113	 22.943766	    117.788751	    117.788751	6078	    117.784654	    117.792843	0.0	      0.000000	40	2372052	
334	 -3.831723	 23.739450	    117.821516	    117.821516	17072	    117.817418	    117.825608	0.0	      0.000000	40	2372052	
335	  0.000000	 12.443895	    117.896147	    117.896147	42114	    117.892049	    117.900239	0.0	      0.000000	40	2372052	
336	  0.000000	 12.457561	    117.975979	    117.975979	3365	    117.971881	    117.980070	0.0	      0.000000	41	589717	
337	  0.148805	 17.557705	    117.995818	    117.995818	10022	    117.991720	    117.999910	0.0	      0.000000	41	589717	
338	  0.000000	 27.159055	    118.035971	    118.035971	23495	    118.031873	    118.040063	0.0	      0.000000	41	589717	
339	  1.297392	 17.329702	    118.063788	    118.063788	32829	    118.059690	    118.067880	0.0	      0.000000	41	589717	
340	  1.116036	 76.546884	    118.070523	    118.070523	35089	    118.066426	    118.074615	0.0	      0.000000	41	589717	
341	  0.069752	 10.448709	    118.080629	    118.080629	38480	    118.076532	    118.084721	0.0	      0.000000	41	589717	
342	 -0.027901	 13.085923	    118.086724	    118.086724	40525	    118.082626	    118.090816	0.0	      0.000000	41	589717	
343	  0.004650	5021.406752	    118.095864	    118.095864	43592	    118.091767	    118.099956	0.0	      0.000000	41	589717	
344	  0.000000	1064.058592	    118.136178	    118.136178	57119	    118.132080	    118.140270	0.0	      0.000000	41	589717	
345	 -0.120904	 39.456857	    118.160228	    118.160228	65189	    118.156131	    118.161260	0.0	      0.000000	41	589717	
346	  0.004650	544.212508	    118.165256	    118.165256	1340	    118.161263	    118.169348	0.0	      0.000000	42	1268924	
347	  0.088353	352.192862	    118.170498	    118.170498	3099	    118.166401	    118.174590	0.0	      0.000000	42	1268924	
348	  0.018601	130.007531	    118.190546	    118.190546	9826	    118.186449	    118.194638	0.0	      0.000000	42	1268924	
349	  0.027901	 16.754495	    118.210571	    118.210571	16545	    118.206473	    118.214662	0.0	      0.000000	42	1268924	
350	  0.009300	 35.570047	    118.215846	    118.215846	18315	    118.211748	    118.219937	0.0	      0.000000	42	1268924	
351	 -0.009300	113.233258	    118.225853	    118.225853	21673	    118.221755	    118.229945	0.0	      0.000000	42	1268924	
352	  0.009300	410.708434	    118.260826	    118.260826	33408	    118.256728	    118.264918	0.0	      0.000000	42	1268924	
353	 -0.004650	286.082739	    118.270706	    118.270706	36723	    118.266608	    118.274798	0.0	      0.000000	42	1268924	
354	  0.000000	1890.766458	    118.280624	    118.280624	40051	    118.276526	    118.284716	0.0	      0.000000	42	1268924	
355	 -0.372012	966.985992	    118.290837	    118.290837	43478	    118.286739	    118.294929	0.0	      0.000000	42	1268924	
356	 -0.004650	265.660047	    118.305345	    118.305345	48346	    118.301247	    118.309437	0.0	      0.000000	42	1268924	
357	  0.074402	102.781399	    118.310617	    118.310617	50115	    118.306519	    118.314709	0.0	      0.000000	42	1268924	
358	 -0.060452	 74.167804	    118.315600	    118.315600	51787	    118.311502	    118.319692	0.0	      0.000000	42	1268924	
359	 -0.162755	118.272311	    118.320631	    118.320631	53475	    118.316533	    118.324722	0.0	      0.000000	42	1268924	
360	 -0.027901	109.813660	    118.325491	    118.325491	55106	    118.321393	    118.329583	0.0	      0.000000	42	1268924	
361	 -0.060452	246.399593	    118.330564	    118.330564	56808	    118.326466	    118.334656	0.0	      0.000000	42	1268924	
362	 -0.004650	518.050690	    118.335442	    118.335442	58445	    118.331344	    118.339534	0.0	      0.000000	42	1268924	
363	  0.018601	369.209317	    118.340750	    118.340750	60226	    118.336652	    118.344842	0.0	      0.000000	42	1268924	
364	 -0.079053	 10.954890	    118.351428	    118.351428	63809	    118.347330	    118.355520	0.0	      0.000000	42	1268924	
365	  0.125554	 61.020036	    118.356873	    118.356873	100	    118.356575	    118.360965	0.0	      0.000000	43	5577842	
366	  0.000000	 10.486910	    118.365265	    118.365265	2916	    118.361168	    118.369357	0.0	      0.000000	43	5577842	
367	  0.199956	 22.661094	    118.375112	    118.375112	6220	    118.371014	    118.379204	0.0	      0.000000	43	5577842	
368	  0.000000	 62.568221	    118.385248	    118.385248	9621	    118.381150	    118.389340	0.0	      0.000000	43	5577842	
369	 -0.172056	 22.814876	    118.390267	    118.390267	11305	    118.386169	    118.394358	0.0	      0.000000	43	5577842	
370	  0.000000	122.234635	    118.395563	    118.395563	13082	    118.391465	    118.399654	0.0	      0.000000	43	5577842	
371	 -0.032551	 83.571670	    118.405388	    118.405388	16379	    118.401291	    118.409480	0.0	      0.000000	43	5577842	
372	  0.018601	 52.847749	    118.410070	    118.410070	17950	    118.405972	    118.414162	0.0	      0.000000	43	5577842	
373	  0.093003	157.678239	    118.415441	    118.415441	19752	    118.411343	    118.419533	0.0	      0.000000	43	5577842	
374	  0.158105	 62.718179	    118.428509	    118.428509	24137	    118.424411	    118.432601	0.0	      0.000000	43	5577842	
375	 -0.004650	1656.691059	    118.440266	    118.440266	28082	    118.436168	    118.444358	0.0	      0.000000	43	5577842	
376	 -0.004650	212.906898	    118.455292	    118.455292	33124	    118.451195	    118.459384	0.0	      0.000000	43	5577842	
377	 -0.195306	430.739550	    118.464942	    118.464942	36362	    118.460844	    118.469034	0.0	      0.000000	43	5577842	
378	  1.269491	 32.199485	    118.473943	    118.473943	39382	    118.469845	    118.478034	0.0	      0.000000	43	5577842	
379	  0.000000	 49.491617	    118.489952	    118.489952	44754	    118.485855	    118.494044	0.0	      0.000000	43	5577842	
380	 -0.232507	 56.571787	    118.494727	    118.494727	46356	    118.490629	    118.498819	0.0	      0.000000	43	5577842	
381	  0.000000	204.878301	    118.505190	    118.505190	49867	    118.501093	    118.509282	0.0	      0.000000	43	5577842	
382	  0.023251	142.184049	    118.515189	    118.515189	53222	    118.511091	    118.519281	0.0	      0.000000	43	5577842	
383	 -0.009300	 33.125067	    118.524732	    118.524732	56424	    118.520634	    118.528824	0.0	      0.000000	43	5577842	
384	  0.000000	 20.264900	    118.535869	    118.535869	60161	    118.531771	    118.539961	0.0	      0.000000	43	5577842	
385	  0.000000	567.045569	    118.566050	    118.566050	4752	    118.561952	    118.570142	0.0	      0.000000	44	189977	
386	  0.000000	132.417952	    118.576266	    118.576266	8180	    118.572168	    118.580358	0.0	      0.000000	44	189977	
387	 -0.139504	 11.900830	    118.590508	    118.590508	12959	    118.586411	    118.594600	0.0	      0.000000	44	189977	
388	  0.000000	 11.227227	    118.596612	    118.596612	15007	    118.592514	    118.600704	0.0	      0.000000	44	189977	
389	 -0.027901	 30.660644	    118.606259	    118.606259	18244	    118.602161	    118.610351	0.0	      0.000000	44	189977	
390	  0.000000	 25.992209	    118.616106	    118.616106	21548	    118.612008	    118.620198	0.0	      0.000000	44	189977	
391	 -0.013950	 64.192455	    118.626811	    118.626811	25140	    118.622713	    118.630903	0.0	      0.000000	44	189977	
392	  0.009300	 14.576204	    118.660162	    118.660162	36331	    118.656065	    118.664254	0.0	      0.000000	44	189977	
393	  0.018601	 54.512656	    118.666036	    118.666036	38302	    118.661939	    118.670128	0.0	      0.000000	44	189977	
394	 -0.009300	 11.508112	    118.685545	    118.685545	44848	    118.681447	    118.689637	0.0	      0.000000	44	189977	
395	 -0.102303	 95.419323	    118.698002	    118.698002	49028	    118.693905	    118.702094	0.0	      0.000000	44	189977	
396	  0.027901	 29.843662	    118.706040	    118.706040	51725	    118.701942	    118.710132	0.0	      0.000000	44	189977	
397	 -0.106953	 42.006951	    118.725969	    118.725969	58412	    118.721871	    118.730061	0.0	      0.000000	44	189977	
398	  0.000000	542.458231	    118.741255	    118.741255	63541	    118.737157	    118.745346	0.0	      0.000000	44	189977	
399	 -0.009300	9410.394507	    118.794631	    118.794631	15915	    118.790533	    118.798722	0.0	      0.000000	45	1298405	
400	  0.004650	206.973182	    118.845724	    118.845724	33059	    118.841626	    118.849815	0.0	      0.000000	45	1298405	
401	  0.000000	 13.268791	    118.879701	    118.879701	44460	    118.875603	    118.883793	0.0	      0.000000	45	1298405	
402	  0.000000	 11.288141	    118.886705	    118.886705	46810	    118.882607	    118.890797	0.0	      0.000000	45	1298405	
403	  0.000000	319.840186	    118.907557	    118.907557	53807	    118.903460	    118.911649	0.0	      0.000000	45	1298405	
404	  0.000000	 23.308379	    118.919621	    118.919621	57855	    118.915524	    118.923713	0.0	      0.000000	45	1298405	
405	  0.000000	 77.775408	    118.924628	    118.924628	59535	    118.920530	    118.928720	0.0	      0.000000	45	1298405	
406	  0.000000	255.202320	    118.935217	    118.935217	63088	    118.931119	    118.939309	0.0	      0.000000	45	1298405	
407	 -2.478529	 17.989866	    118.964528	    118.964528	7387	    118.960430	    118.968619	0.0	      0.000000	46	2553923	
408	  0.497566	1519.249714	    118.974488	    118.974488	10729	    118.970390	    118.978579	0.0	      0.000000	46	2553923	
409	 -0.027901	1332.928818	    119.014712	    119.014712	24226	    119.010614	    119.018804	0.0	      0.000000	46	2553923	
410	  0.000000	 12.276303	    119.162588	    119.162588	8309	    119.158490	    119.166680	0.0	      0.000000	47	176613	
411	  0.000000	 20.001651	    119.209005	    119.209005	23884	    119.204907	    119.213097	0.0	      0.000000	47	176613	
412	  0.000000	 13.335469	    119.224004	    119.224004	28917	    119.219907	    119.228096	0.0	      0.000000	47	176613	
413	  0.000000	 10.957250	    119.234003	    119.234003	32272	    119.229905	    119.238095	0.0	      0.000000	47	176613	
414	  0.000000	735.461247	    119.254004	    119.254004	38983	    119.249906	    119.258095	0.0	      0.000000	47	176613	
415	  0.000000	105.611332	    119.263999	    119.263999	42337	    119.259901	    119.268091	0.0	      0.000000	47	176613	
416	  0.000000	 12.340975	    119.274001	    119.274001	45693	    119.269903	    119.278093	0.0	      0.000000	47	176613	
417	  0.000000	315.776553	    119.284000	    119.284000	49048	    119.279902	    119.288091	0.0	      0.000000	47	176613	
418	  0.000000	 16.561023	    119.293992	    119.293992	52401	    119.289894	    119.298084	0.0	      0.000000	47	176613	
419	  0.000000	 34.642766	    119.298999	    119.298999	54081	    119.294901	    119.303091	0.0	      0.000000	47	176613	
420	  0.000000	 11.444693	    119.303994	    119.303994	55757	    119.299896	    119.308086	0.0	      0.000000	47	176613	
421	  0.000000	2114.379032	    119.313993	    119.313993	59112	    119.309895	    119.318084	0.0	      0.000000	47	176613	
422	  0.000000	210.773702	    119.323994	    119.323994	62468	    119.319896	    119.328086	0.0	      0.000000	47	176613	
423	  0.000000	 35.880852	    119.433685	    119.433685	33738	    119.429587	    119.437777	0.0	      0.000000	48	2686	
424	  0.000000	 10.149947	    119.463678	    119.463678	43802	    119.459580	    119.467770	0.0	      0.000000	48	2686	
425	 -0.009300	174.127122	    119.493683	    119.493683	53870	    119.489585	    119.497775	0.0	      0.000000	48	2686	
426	  0.000000	 17.938501	    119.513677	    119.513677	60579	    119.509579	    119.517769	0.0	      0.000000	48	2686	
427	  0.000000	 32.436326	    119.518675	    119.518675	62256	    119.514577	    119.522767	0.0	      0.000000	48	2686	
428	  0.000000	 15.677417	    119.608362	    119.608362	26814	    119.604264	    119.612454	0.0	      0.000000	49	14625	
429	 -0.013950	129.613182	    119.618167	    119.618167	30104	    119.614069	    119.622259	0.0	      0.000000	49	14625	
430	  0.000000	 10.499566	    119.688360	    119.688360	53657	    119.684263	    119.692452	0.0	      0.000000	49	14625	
431	  0.004650	115.849879	    119.742976	    119.742976	6447	    119.738878	    119.747068	0.0	      0.000000	50	9483	
432	  0.000000	 41.479685	    120.067732	    120.067732	49881	    120.063634	    120.071824	0.0	      0.000000	51	213	
433	  0.000000	 26.154450	    120.097728	    120.097728	59946	    120.093630	    120.101820	0.0	      0.000000	51	213	
434	  0.000000	264.900698	    120.307408	    120.307408	64767	    120.303310	    120.309697	0.0	      0.000000	52	602	
435	  0.000000	759.751887	    120.342092	    120.342092	10869	    120.337994	    120.346184	0.0	      0.000000	53	64841	
436	  0.000000	114.204196	    120.362099	    120.362099	17582	    120.358001	    120.366190	0.0	      0.000000	53	64841	
437	  0.000000	 15.316798	    120.372091	    120.372091	20935	    120.367993	    120.376183	0.0	      0.000000	53	64841	
438	  0.000000	 15.384425	    120.392092	    120.392092	27646	    120.387994	    120.396183	0.0	      0.000000	53	64841	
439	  0.000000	 10.089773	    120.397098	    120.397098	29326	    120.393001	    120.401190	0.0	      0.000000	53	64841	
440	  0.000000	 20.546522	    120.402084	    120.402084	30999	    120.397987	    120.406176	0.0	      0.000000	53	64841	
441	  0.000000	 43.702221	    120.407091	    120.407091	32679	    120.402993	    120.411183	0.0	      0.000000	53	64841	
442	  0.000000	569.931463	    120.422091	    120.422091	37712	    120.417993	    120.426182	0.0	      0.000000	53	64841	
443	  0.000000	124.845266	    120.442097	    120.442097	44425	    120.437999	    120.446189	0.0	      0.000000	53	64841	
444	 -0.009300	 10.646501	    120.452093	    120.452093	47779	    120.447995	    120.456184	0.0	      0.000000	53	64841	
445	  0.000000	 18.595243	    120.457087	    120.457087	49455	    120.452990	    120.461179	0.0	      0.000000	53	64841	
446	 -0.018601	142.386576	    120.482089	    120.482089	57844	    120.477991	    120.486181	0.0	      0.000000	53	64841	
447	  0.000000	 45.449315	    120.487089	    120.487089	59522	    120.482992	    120.491181	0.0	      0.000000	53	64841	
448	  0.000000	227.856447	    120.502089	    120.502089	64555	    120.497991	    120.505010	0.0	      0.000000	53	64841	
449	  0.000000	 23.684317	    120.506777	    120.506777	592	    120.505013	    120.510869	0.0	      0.000000	54	9	
450	  0.437114	 28.354496	    120.741265	    120.741265	13737	    120.737167	    120.745356	0.0	      0.000000	55	1933	
451	  0.000000	 16.454980	    121.120821	    121.120821	10023	    121.116723	    121.124913	0.0	      0.000000	57	85720	
452	  0.000000	 13.076062	    121.125831	    121.125831	11704	    121.121733	    121.129923	0.0	      0.000000	57	85720	
453	  0.000000	877.440644	    121.155821	    121.155821	21767	    121.151723	    121.159913	0.0	      0.000000	57	85720	
454	  0.000000	128.697315	    121.165820	    121.165820	25122	    121.161722	    121.169911	0.0	      0.000000	57	85720	
455	  0.000000	 10.532313	    121.175827	    121.175827	28480	    121.171729	    121.179919	0.0	      0.000000	57	85720	
456	  0.000000	402.397902	    121.185820	    121.185820	31833	    121.181722	    121.189912	0.0	      0.000000	57	85720	
457	  0.000000	 10.828875	    121.205820	    121.205820	38544	    121.201722	    121.209912	0.0	      0.000000	57	85720	
458	  0.000000	 35.054347	    121.215813	    121.215813	41897	    121.211715	    121.219905	0.0	      0.000000	57	85720	
459	  0.000000	668.111118	    121.235819	    121.235819	48610	    121.231721	    121.239911	0.0	      0.000000	57	85720	
460	  0.000000	191.058737	    121.245821	    121.245821	51966	    121.241723	    121.249913	0.0	      0.000000	57	85720	
461	  0.000000	 10.547090	    121.255826	    121.255826	55323	    121.251728	    121.259917	0.0	      0.000000	57	85720	
462	  0.000000	321.143986	    121.265818	    121.265818	58676	    121.261720	    121.269910	0.0	      0.000000	57	85720	
463	  0.000000	 62.799099	    121.300505	    121.300505	4779	    121.296407	    121.304597	0.0	      0.000000	58	3024	
464	  0.000000	 23.139146	    121.310507	    121.310507	8135	    121.306409	    121.314599	0.0	      0.000000	58	3024	
465	  0.000000	134.937987	    121.320505	    121.320505	11490	    121.316408	    121.324597	0.0	      0.000000	58	3024	
466	  0.004650	 55.366123	    121.330504	    121.330504	14845	    121.326406	    121.334596	0.0	      0.000000	58	3024	
467	  0.000000	 83.586807	    121.350504	    121.350504	21556	    121.346407	    121.354596	0.0	      0.000000	58	3024	
468	  0.000000	 17.322477	    121.360506	    121.360506	24912	    121.356408	    121.364598	0.0	      0.000000	58	3024	
469	  0.000000	 26.044135	    121.365504	    121.365504	26589	    121.361406	    121.369596	0.0	      0.000000	58	3024	
470	  0.000000	 16.393559	    121.380495	    121.380495	31619	    121.376397	    121.384586	0.0	      0.000000	58	3024	
471	  0.000000	106.927818	    121.415503	    121.415503	43366	    121.411406	    121.419595	0.0	      0.000000	58	3024	
472	  0.000000	147.834458	    121.500187	    121.500187	6245	    121.496089	    121.504279	0.0	      0.000000	59	2129	
473	  0.000000	 24.155197	    121.525188	    121.525188	14634	    121.521090	    121.529280	0.0	      0.000000	59	2129	
474	  0.000000	 22.597627	    121.969549	    121.969549	32665	    121.965452	    121.973641	0.0	      0.000000	61	14	
475	  0.000000	 12.038824	    122.049548	    122.049548	59508	    122.045450	    122.053640	0.0	      0.000000	61	14	
476	  0.000000	 22.410395	    122.343914	    122.343914	27209	    122.339816	    122.348006	0.0	      0.000000	63	27369	
477	  0.000000	 23.126602	    122.423913	    122.423913	54052	    122.419815	    122.428004	0.0	      0.000000	63	27369	
478	  0.832377	 91.060268	    122.441010	    122.441010	59789	    122.436912	    122.445102	0.0	      0.000000	63	27369	
479	  0.000000	 70.059224	    122.458680	    122.458680	182	    122.458138	    122.462772	0.0	      0.000000	64	106750	
480	  0.706823	152.553682	    122.470905	    122.470905	4284	    122.466807	    122.474997	0.0	      0.000000	64	106750	
481	  0.000000	 44.463552	    122.483619	    122.483619	8550	    122.479521	    122.487710	0.0	      0.000000	64	106750	
482	  0.000000	 24.547235	    122.496076	    122.496076	12730	    122.491978	    122.500168	0.0	      0.000000	64	106750	
483	 -0.269709	186.107568	    122.508736	    122.508736	16978	    122.504638	    122.512828	0.0	      0.000000	64	106750	
484	  1.195088	 59.914957	    122.520612	    122.520612	20963	    122.516514	    122.524704	0.0	      0.000000	64	106750	
485	  0.000000	 21.050171	    122.546034	    122.546034	29493	    122.541936	    122.550125	0.0	      0.000000	64	106750	
486	 -0.009300	150.985868	    122.583471	    122.583471	42055	    122.579373	    122.587563	0.0	      0.000000	64	106750	
487	 -0.004650	 98.155717	    122.596099	    122.596099	46292	    122.592001	    122.600190	0.0	      0.000000	64	106750	
488	 -1.813558	108.367966	    122.609060	    122.609060	50641	    122.604962	    122.613151	0.0	      0.000000	64	106750	
489	  0.000000	210.076703	    122.633688	    122.633688	58905	    122.629590	    122.637780	0.0	      0.000000	64	106750	
490	  0.009300	 17.454844	    122.646226	    122.646226	63112	    122.642128	    122.650318	0.0	      0.000000	64	106750	
491	  0.037201	 42.771937	    122.676255	    122.676255	7652	    122.672157	    122.680347	0.0	      0.000000	65	20298	
492	  0.000000	 89.785516	    122.688098	    122.688098	11626	    122.684000	    122.692190	0.0	      0.000000	65	20298	
493	 -0.004650	 28.708099	    122.700746	    122.700746	15870	    122.696649	    122.704838	0.0	      0.000000	65	20298	
494	  0.000000	 21.719649	    122.763659	    122.763659	36980	    122.759561	    122.767751	0.0	      0.000000	65	20298	
495	  0.009300	 62.600982	    122.825806	    122.825806	57833	    122.821708	    122.829898	0.0	      0.000000	65	20298	
496	  0.000000	 66.547719	    122.846185	    122.846185	64671	    122.842087	    122.848760	0.0	      0.000000	65	20298	
497	  0.000000	 10.126625	    122.895478	    122.895478	15675	    122.891380	    122.899570	0.0	      0.000000	66	4	
498	  0.000000	 11.980283	    122.955470	    122.955470	35805	    122.951372	    122.959562	0.0	      0.000000	66	4	
499	  0.000000	258.947383	    123.532011	    123.532011	32652	    123.527913	    123.536103	0.0	      0.000000	69	1344	
500	  0.000000	 66.756716	    124.071278	    124.071278	16992	    124.067180	    124.075370	0.0	      0.000000	72	80	
501	  0.000000	 12.365033	    124.485432	    124.485432	24887	    124.481334	    124.489524	0.0	      0.000000	74	4	
502	 -2.664535	 20.725133	    125.112055	    125.112055	38539	    125.107957	    125.116147	0.0	      0.000000	77	1011579	
503	  0.000000	 27.104737	    125.239168	    125.239168	15655	    125.235070	    125.243260	0.0	      0.000000	78	2909	
504	  0.000000	 82.371384	    125.299160	    125.299160	35785	    125.295062	    125.303252	0.0	      0.000000	78	2909	
505	  0.000000	 94.643519	    125.359149	    125.359149	55914	    125.355051	    125.363241	0.0	      0.000000	78	2909	
506	  0.000000	 22.579842	    125.798206	    125.798206	6629	    125.794108	    125.802298	0.0	      0.000000	81	190	
507	  0.000000	 15.759834	    125.850625	    125.850625	24218	    125.846528	    125.854717	0.0	      0.000000	81	190	
508	 -0.009300	 16.499969	    125.879110	    125.879110	33776	    125.875013	    125.883202	0.0	      0.000000	81	190	
509	  0.000000	 49.574954	    125.977574	    125.977574	1279	    125.973763	    125.981666	0.0	      0.000000	82	2219	
510	  0.000000	 15.114468	    126.052897	    126.052897	26553	    126.048799	    126.056989	0.0	      0.000000	82	2219	
511	  0.000000	 11.445385	    126.057936	    126.057936	28244	    126.053838	    126.062028	0.0	      0.000000	82	2219	
512	  0.000000	131.953138	    126.112889	    126.112889	46683	    126.108791	    126.116981	0.0	      0.000000	82	2219	
513	  0.000000	 52.248270	    126.122890	    126.122890	50039	    126.118793	    126.126982	0.0	      0.000000	82	2219	
514	  0.000000	104.603220	    126.142891	    126.142891	56750	    126.138793	    126.146983	0.0	      0.000000	82	2219	
515	  0.000000	 12.568718	    126.152884	    126.152884	60103	    126.148786	    126.156975	0.0	      0.000000	82	2219	
516	  0.000000	 47.134124	    126.292573	    126.292573	41439	    126.288475	    126.296665	0.0	      0.000000	83	574	
517	  0.000000	 96.756320	    126.352565	    126.352565	61569	    126.348467	    126.356657	0.0	      0.000000	83	574	
518	  0.000000	117.386045	    126.656930	    126.656930	32625	    126.652832	    126.661022	0.0	      0.000000	85	276	
519	  0.000000	 46.519483	    126.926620	    126.926620	57582	    126.922523	    126.930712	0.0	      0.000000	86	291	
520	  0.000000	 31.331146	    126.936619	    126.936619	60937	    126.932521	    126.940711	0.0	      0.000000	86	291	
521	  0.000000	 29.238501	    127.106302	    127.106302	52337	    127.102204	    127.110393	0.0	      0.000000	87	14	
522	  0.000000	 22.782921	    127.200981	    127.200981	18570	    127.196883	    127.205072	0.0	      0.000000	88	103	
523	  0.000000	 26.571871	    127.220984	    127.220984	25282	    127.216886	    127.225076	0.0	      0.000000	88	103	
524	  0.000000	 29.053367	    127.280979	    127.280979	45413	    127.276881	    127.285071	0.0	      0.000000	88	103	
525	  0.000000	 19.094808	    127.300985	    127.300985	52126	    127.296887	    127.305077	0.0	      0.000000	88	103	
526	  0.000000	 15.555703	    127.320786	    127.320786	58770	    127.316688	    127.324878	0.0	      0.000000	88	103	
527	  0.000000	 10.196875	    127.361362	    127.361362	6849	    127.357264	    127.365454	0.0	      0.000000	89	495	
528	  0.000000	 72.134207	    127.365662	    127.365662	8292	    127.361564	    127.369754	0.0	      0.000000	89	495	
529	  0.013950	 60.737645	    127.939673	    127.939673	4290	    127.935575	    127.943765	0.0	      0.000000	92	32414	
530	  0.000000	 13.914666	    127.954717	    127.954717	9338	    127.950619	    127.958809	0.0	      0.000000	92	32414	
531	  0.000000	 10.282532	    128.014709	    128.014709	29468	    128.010611	    128.018801	0.0	      0.000000	92	32414	
532	 -0.009300	 11.156681	    128.034721	    128.034721	36183	    128.030624	    128.038813	0.0	      0.000000	92	32414	
533	  0.000000	 10.207751	    128.044708	    128.044708	39534	    128.040610	    128.048800	0.0	      0.000000	92	32414	
534	  0.000000	 14.414508	    128.064714	    128.064714	46247	    128.060617	    128.068806	0.0	      0.000000	92	32414	
535	  0.000000	 46.435676	    128.094707	    128.094707	56311	    128.090610	    128.098799	0.0	      0.000000	92	32414	
536	  0.000000	 21.527862	    128.104706	    128.104706	59666	    128.100608	    128.108798	0.0	      0.000000	92	32414	
537	  0.000000	 59.944457	    128.179391	    128.179391	19190	    128.175293	    128.183483	0.0	      0.000000	93	192	
538	  0.000000	 14.187599	    128.189392	    128.189392	22546	    128.185295	    128.193484	0.0	      0.000000	93	192	
539	  0.000000	 24.000534	    128.209393	    128.209393	29257	    128.205295	    128.213485	0.0	      0.000000	93	192	
540	  0.000000	 13.614405	    128.219391	    128.219391	32612	    128.215294	    128.223483	0.0	      0.000000	93	192	
541	  0.013950	 14.737864	    128.431104	    128.431104	38115	    128.427006	    128.435196	0.0	      0.000000	94	228	
542	  0.037201	 46.319118	    128.446721	    128.446721	43355	    128.442623	    128.450812	0.0	      0.000000	94	228	
543	  0.000000	 14.087844	    128.734772	    128.734772	8937	    128.730674	    128.738864	0.0	      0.000000	96	5393	
544	  0.000000	295.251849	    128.758167	    128.758167	16787	    128.754069	    128.762259	0.0	      0.000000	96	5393	
545	  0.000000	 19.366563	    128.781642	    128.781642	24664	    128.777544	    128.785734	0.0	      0.000000	96	5393	
546	  0.000000	 14.385077	    128.858437	    128.858437	50432	    128.854339	    128.862529	0.0	      0.000000	96	5393	
547	  0.000000	 16.561042	    128.993119	    128.993119	30088	    128.989022	    128.997211	0.0	      0.000000	97	74	
548	  0.000000	 13.454496	    129.003121	    129.003121	33444	    128.999023	    129.007213	0.0	      0.000000	97	74	
549	  0.000000	 29.331042	    129.023121	    129.023121	40155	    129.019024	    129.027213	0.0	      0.000000	97	74	
550	  0.000000	 11.932034	    129.053120	    129.053120	50221	    129.049023	    129.057212	0.0	      0.000000	97	74	
551	 -0.004650	 24.662524	    129.324631	    129.324631	10253	    129.320534	    129.328723	0.0	      0.000000	99	12	
552	  0.018601	 63.974330	    129.785596	    129.785596	33855	    129.781498	    129.789688	0.0	      0.000000	101	398441	
553	  0.000000	1423.786406	    129.817279	    129.817279	44486	    129.813181	    129.821371	0.0	      0.000000	101	398441	
554	  0.000000	721.273019	    129.857929	    129.857929	58126	    129.853831	    129.862021	0.0	      0.000000	101	398441	
555	  0.000000	270.537914	    129.901440	    129.901440	7190	    129.897343	    129.905532	0.0	      0.000000	102	570727	
556	 -0.018601	124.292905	    129.990496	    129.990496	37072	    129.986398	    129.994588	0.0	      0.000000	102	570727	
557	 -0.674272	 21.516074	    130.048434	    130.048434	56513	    130.044337	    130.052526	0.0	      0.000000	102	570727	
558	 -0.004650	 18.582960	    130.530582	    130.530582	21687	    130.526485	    130.534674	0.0	      0.000000	105	113	
559	 -0.093003	 10.125335	    130.616294	    130.616294	50447	    130.612196	    130.620386	0.0	      0.000000	105	113	
560	  0.000000	 19.218869	    131.742848	    131.742848	35240	    131.738751	    131.746940	0.0	      0.000000	111	21	
561	  0.000000	 14.338792	    131.827478	    131.827478	63637	    131.823380	    131.831570	0.0	      0.000000	111	21	
562	  0.000000	 13.233270	    132.911788	    132.911788	34255	    132.907690	    132.915880	0.0	      0.000000	117	2	
563	  0.000000	 39.454652	    136.031304	    136.031304	32415	    136.027207	    136.035396	0.0	      0.000000	133	191737	
564	  0.000000	1275.702126	    136.036928	    136.036928	34302	    136.032830	    136.041020	0.0	      0.000000	133	191737	
565	  0.000000	 16.287258	    136.749329	    136.749329	11200	    136.745231	    136.753421	0.0	      0.000000	137	14	
566	  0.000000	 26.118951	    138.740931	    138.740931	24111	    138.736834	    138.745023	0.0	      0.000000	147	164	
567	 -0.209257	 10.169430	    139.324249	    139.324249	23232	    139.320152	    139.328341	0.0	      0.000000	150	4	
568	  0.000000	 13.262876	    139.770673	    139.770673	41955	    139.766575	    139.774765	0.0	      0.000000	152	1114	
569	  0.000000	 36.446444	    139.820658	    139.820658	58727	    139.816560	    139.824750	0.0	      0.000000	152	1114	
570	 -1.176488	 14.253830	    139.834149	    139.834149	63254	    139.830051	    139.838241	0.0	      0.000000	152	1114	
571	  0.000000	 10.798804	    140.584402	    140.584402	52853	    140.580304	    140.588494	0.0	      0.000000	156	17	
572	  0.027901	 24.674753	    140.590315	    140.590315	54837	    140.586217	    140.594406	0.0	      0.000000	156	17	
573	  0.000000	 10.979162	    140.614404	    140.614404	62920	    140.610306	    140.618496	0.0	      0.000000	156	17	
574	  0.000000	 13.635867	    141.837178	    141.837178	14463	    141.833080	    141.841270	0.0	      0.000000	163	18744	
575	  0.000000	 14.783575	    141.864823	    141.864823	23739	    141.860725	    141.868915	0.0	      0.000000	163	18744	
576	  0.000000	 63.715483	    141.892947	    141.892947	33176	    141.888849	    141.897039	0.0	      0.000000	163	18744	
577	  0.004650	524.180239	    141.918750	    141.918750	41834	    141.914652	    141.922842	0.0	      0.000000	163	18744	
578	  0.000000	 38.039294	    141.946875	    141.946875	51271	    141.942777	    141.950966	0.0	      0.000000	163	18744	
579	 -0.004650	 12.775402	    142.196538	    142.196538	3972	    142.192440	    142.200629	0.0	      0.000000	165	10	
580	  0.000000	 11.741508	    142.281251	    142.281251	32397	    142.277153	    142.285343	0.0	      0.000000	165	10	
581	  0.009300	 12.285808	    142.650904	    142.650904	25360	    142.646806	    142.654996	0.0	      0.000000	167	2	
582	  0.000000	274.594051	    143.137576	    143.137576	57588	    143.133478	    143.141668	0.0	      0.000000	169	245762	
583	  0.000000	 12.995343	    143.534626	    143.534626	59744	    143.530528	    143.538718	0.0	      0.000000	171	7	
584	  0.000000	 27.738042	    144.746961	    144.746961	7784	    144.742863	    144.751053	0.0	      0.000000	178	43	
585	  0.000000	 10.300153	    145.406453	    145.406453	32465	    145.402356	    145.410545	0.0	      0.000000	181	2	
586	  0.000000	 14.614916	    145.875825	    145.875825	58888	    145.871727	    145.879917	0.0	      0.000000	183	4	
587	  0.000000	 11.541190	    145.965500	    145.965500	23442	    145.961402	    145.969592	0.0	      0.000000	184	268	
588	  0.000000	 13.636001	    145.975502	    145.975502	26798	    145.971404	    145.979594	0.0	      0.000000	184	268	
589	  0.000000	 25.460904	    146.005501	    146.005501	36864	    146.001403	    146.009593	0.0	      0.000000	184	268	
590	 -0.013950	 12.872951	    146.035503	    146.035503	46931	    146.031405	    146.039595	0.0	      0.000000	184	268	
591	  0.004650	 14.322864	    146.569569	    146.569569	29526	    146.565472	    146.573661	0.0	      0.000000	187	988	
592	  0.000000	 14.263220	    146.599571	    146.599571	39593	    146.595474	    146.603663	0.0	      0.000000	187	988	
593	  0.000000	 60.123330	    146.629565	    146.629565	49657	    146.625467	    146.633656	0.0	      0.000000	187	988	
594	  0.000000	 53.232502	    146.659561	    146.659561	59722	    146.655463	    146.663652	0.0	      0.000000	187	988	
595	  0.000000	 23.223033	    146.789230	    146.789230	37696	    146.785133	    146.793322	0.0	      0.000000	188	1638	
596	  0.000000	 19.219741	    146.809231	    146.809231	44407	    146.805133	    146.813323	0.0	      0.000000	188	1638	
597	  0.000000	 40.248925	    146.819229	    146.819229	47762	    146.815132	    146.823321	0.0	      0.000000	188	1638	
598	  0.000000	 10.752982	    146.839230	    146.839230	54473	    146.835132	    146.843322	0.0	      0.000000	188	1638	
599	 -0.027901	 20.309582	    146.849237	    146.849237	57831	    146.845140	    146.853329	0.0	      0.000000	188	1638	
600	  0.000000	 16.545718	    146.968915	    146.968915	32452	    146.964817	    146.973006	0.0	      0.000000	189	11	
601	 -0.009300	 10.399632	    146.988918	    146.988918	39164	    146.984820	    146.993010	0.0	      0.000000	189	11	
602	  0.000000	 10.594518	    147.018911	    147.018911	49228	    147.014813	    147.023003	0.0	      0.000000	189	11	
603	 -0.009300	 18.026200	    147.188602	    147.188602	40631	    147.184505	    147.192694	0.0	      0.000000	190	222	
604	  0.000000	 11.594030	    147.198598	    147.198598	43985	    147.194500	    147.202690	0.0	      0.000000	190	222	
605	  0.000000	 31.697018	    147.218598	    147.218598	50696	    147.214501	    147.222690	0.0	      0.000000	190	222	
606	  0.000000	 14.497070	    147.248595	    147.248595	60761	    147.244497	    147.252686	0.0	      0.000000	190	222	
607	  0.000000	 18.470050	    147.287659	    147.287659	8333	    147.283562	    147.291751	0.0	      0.000000	191	6480	
608	  0.000000	 13.369278	    147.317658	    147.317658	18399	    147.313561	    147.321750	0.0	      0.000000	191	6480	
609	  0.000000	 11.372812	    147.383301	    147.383301	40425	    147.379203	    147.387393	0.0	      0.000000	191	6480	
610	  0.000000	 21.105108	    147.413300	    147.413300	50491	    147.409202	    147.417392	0.0	      0.000000	191	6480	
611	  0.000000	154.267454	    147.443293	    147.443293	60555	    147.439195	    147.447385	0.0	      0.000000	191	6480	
612	  0.000000	 11.273552	    147.453292	    147.453292	63910	    147.449194	    147.457384	0.0	      0.000000	191	6480	
613	  0.000000	 13.966486	    147.632958	    147.632958	58660	    147.628860	    147.637050	0.0	      0.000000	192	9	
614	 -0.009300	 15.691854	    147.717656	    147.717656	21544	    147.713558	    147.721748	0.0	      0.000000	193	22	
615	  0.000000	 10.589662	    147.882335	    147.882335	11265	    147.878237	    147.886427	0.0	      0.000000	194	961	
616	  0.000000	 11.340718	    147.912328	    147.912328	21329	    147.908230	    147.916420	0.0	      0.000000	194	961	
617	  0.004650	 19.533559	    147.942324	    147.942324	31394	    147.938226	    147.946416	0.0	      0.000000	194	961	
618	  0.000000	 12.588048	    147.972326	    147.972326	41461	    147.968228	    147.976418	0.0	      0.000000	194	961	
619	 -0.004650	 18.070557	    148.002328	    148.002328	51528	    147.998230	    148.006420	0.0	      0.000000	194	961	
620	  0.000000	 11.022141	    148.014824	    148.014824	55721	    148.010726	    148.018916	0.0	      0.000000	194	961	
621	  0.000000	 25.258882	    148.032327	    148.032327	61594	    148.028229	    148.036419	0.0	      0.000000	194	961	
622	  0.000000	 16.063449	    148.132239	    148.132239	29583	    148.128142	    148.136331	0.0	      0.000000	195	36	
623	  0.000000	 13.208832	    148.141389	    148.141389	32653	    148.137291	    148.145480	0.0	      0.000000	195	36	
624	 -0.018601	 11.877714	    148.161395	    148.161395	39366	    148.157297	    148.165487	0.0	      0.000000	195	36	
625	  0.000000	133.251267	    148.241694	    148.241694	774	    148.239388	    148.245786	0.0	      0.000000	196	4445	
626	  0.000000	 58.371471	    148.251693	    148.251693	4129	    148.247595	    148.255785	0.0	      0.000000	196	4445	
627	  0.000000	 29.421790	    148.261695	    148.261695	7485	    148.257597	    148.265787	0.0	      0.000000	196	4445	
628	  0.000000	 35.280544	    148.271693	    148.271693	10840	    148.267596	    148.275785	0.0	      0.000000	196	4445	
629	 -0.004650	 15.746992	    148.281695	    148.281695	14196	    148.277597	    148.285787	0.0	      0.000000	196	4445	
630	 -0.027901	 10.850796	    148.301698	    148.301698	20908	    148.297600	    148.305790	0.0	      0.000000	196	4445	
631	  0.000000	 31.359153	    148.531382	    148.531382	32441	    148.527284	    148.535474	0.0	      0.000000	197	120	
632	  0.000000	 22.956277	    148.561381	    148.561381	42507	    148.557283	    148.565473	0.0	      0.000000	197	120	
633	  0.000000	 13.631077	    148.591374	    148.591374	52571	    148.587276	    148.595466	0.0	      0.000000	197	120	
634	  0.000000	 28.922070	    148.611380	    148.611380	59284	    148.607282	    148.615472	0.0	      0.000000	197	120	
635	  0.000000	 23.945719	    148.696063	    148.696063	22163	    148.691966	    148.700155	0.0	      0.000000	198	6648	
636	  0.000000	 28.245466	    148.726065	    148.726065	32230	    148.721968	    148.730157	0.0	      0.000000	198	6648	
637	  0.000000	 99.087998	    148.756056	    148.756056	42293	    148.751958	    148.760147	0.0	      0.000000	198	6648	
638	  0.000000	 27.827171	    148.766054	    148.766054	45648	    148.761956	    148.770146	0.0	      0.000000	198	6648	
639	  0.000000	 53.633261	    148.786055	    148.786055	52359	    148.781957	    148.790146	0.0	      0.000000	198	6648	
640	  0.027901	 27.057532	    148.816048	    148.816048	62423	    148.811950	    148.820140	0.0	      0.000000	198	6648	
641	  0.000000	 19.767231	    148.875748	    148.875748	16919	    148.871650	    148.879840	0.0	      0.000000	199	147726	
642	 -0.013950	107.593414	    149.019842	    149.019842	65269	    149.015744	    149.020635	0.0	      0.000000	199	147726	
643	  0.009300	 13.993847	    149.549659	    149.549659	46438	    149.545561	    149.553750	0.0	      0.000000	202	4	
644	  0.000000	 17.915653	    150.093834	    150.093834	32425	    150.089736	    150.097926	0.0	      0.000000	205	6	
645	  0.469665	 14.841080	    150.477900	    150.477900	30224	    150.473802	    150.481992	0.0	      0.000000	207	4321	
646	 -0.004650	165.962729	    150.503545	    150.503545	38829	    150.499447	    150.507636	0.0	      0.000000	207	4321	
647	  1.036983	125.936370	    151.016195	    151.016195	14238	    151.012097	    151.020287	0.0	      0.000000	210	13051	
648	 -0.260408	 20.782496	    153.243895	    153.243895	40834	    153.239797	    153.247987	0.0	      0.000000	221	606	
649	  0.000000	 30.031552	    153.885858	    153.885858	59633	    153.881760	    153.889950	0.0	      0.000000	224	37	
650	 -0.813776	16593.377143	    154.242452	    154.242452	48214	    154.238354	    154.246543	0.0	      0.000000	226	41131	
651	 -0.288309	600.810359	    154.396866	    154.396866	34491	    154.392768	    154.400958	0.0	      0.000000	227	226701	
652	 -3.710819	622.428642	    154.489337	    154.489337	65519	    154.485239	    154.489385	0.0	      0.000000	227	226701	
653	  0.037201	32568.661853	    154.501696	    154.501696	4130	    154.497598	    154.505788	0.0	      0.000000	228	3165296	
654	  3.180702	 31.101270	    154.514284	    154.514284	8354	    154.510187	    154.518376	0.0	      0.000000	228	3165296	
655	 -3.548064	411.827334	    154.522942	    154.522942	11259	    154.518844	    154.527034	0.0	      0.000000	228	3165296	
656	  2.511080	2004.911992	    154.534675	    154.534675	15196	    154.530577	    154.538767	0.0	      0.000000	228	3165296	
657	 -3.124900	 19.004655	    154.543020	    154.543020	17996	    154.538922	    154.547112	0.0	      0.000000	228	3165296	
658	 -2.408777	6670.769899	    154.556285	    154.556285	22447	    154.552187	    154.560377	0.0	      0.000000	228	3165296	
659	  3.938676	 44.392526	    154.567944	    154.567944	26359	    154.563846	    154.572035	0.0	      0.000000	228	3165296	
660	 -3.836373	150.133932	    154.576902	    154.576902	29365	    154.572804	    154.580994	0.0	      0.000000	228	3165296	
661	  3.380658	4778.362749	    154.588319	    154.588319	33196	    154.584222	    154.592411	0.0	      0.000000	228	3165296	
662	  3.110950	 17.085531	    154.601859	    154.601859	37739	    154.597761	    154.605950	0.0	      0.000000	228	3165296	
663	 -2.208821	1824.916622	    154.610111	    154.610111	40508	    154.606013	    154.614203	0.0	      0.000000	228	3165296	
664	  3.906125	212.702549	    154.621826	    154.621826	44439	    154.617728	    154.625918	0.0	      0.000000	228	3165296	
665	 -3.190002	 43.303666	    154.630594	    154.630594	47381	    154.626496	    154.634686	0.0	      0.000000	228	3165296	
666	  1.297392	10073.865338	    154.642783	    154.642783	51471	    154.638685	    154.646875	0.0	      0.000000	228	3165296	
667	  3.789871	 16.744262	    154.655545	    154.655545	55753	    154.651447	    154.659636	0.0	      0.000000	228	3165296	
668	 -3.110950	991.365909	    154.664250	    154.664250	58674	    154.660152	    154.668342	0.0	      0.000000	228	3165296	
669	  3.557364	668.202745	    154.675807	    154.675807	62552	    154.671709	    154.679899	0.0	      0.000000	228	3165296	
670	 -3.743370	 21.879365	    154.684626	    154.684626	65511	    154.680528	    154.684697	0.0	      0.000000	228	3165296	
671	 -0.083703	 37.978722	    155.645146	    155.645146	60128	    155.641048	    155.649237	0.0	      0.000000	233	1758	
672	 -0.399913	1937.227861	    155.704717	    155.704717	14581	    155.700620	    155.708809	0.0	      0.000000	234	36258	
673	  2.929594	8378.138604	    156.070454	    156.070454	6230	    156.066357	    156.074546	0.0	      0.000000	236	2437139	
674	 -3.013296	 91.350851	    156.076531	    156.076531	8269	    156.072433	    156.080623	0.0	      0.000000	236	2437139	
675	  2.259972	3002.339258	    156.097846	    156.097846	15421	    156.093748	    156.101938	0.0	      0.000000	236	2437139	
676	  3.027247	2377.940652	    156.124897	    156.124897	24498	    156.120800	    156.128989	0.0	      0.000000	236	2437139	
677	 -3.417859	488.420017	    156.131075	    156.131075	26571	    156.126978	    156.135167	0.0	      0.000000	236	2437139	
678	  3.394609	526.126004	    156.152044	    156.152044	33607	    156.147946	    156.156136	0.0	      0.000000	236	2437139	
679	 -3.092349	1048.006492	    156.158237	    156.158237	35685	    156.154139	    156.162329	0.0	      0.000000	236	2437139	
680	  3.864274	169.895343	    156.179170	    156.179170	42709	    156.175073	    156.183262	0.0	      0.000000	236	2437139	
681	 -3.022597	3313.266320	    156.185456	    156.185456	44818	    156.181358	    156.189548	0.0	      0.000000	236	2437139	
682	 -3.422510	7601.205751	    156.212778	    156.212778	53986	    156.208681	    156.216870	0.0	      0.000000	236	2437139	
683	 -2.166969	31758.587947	    156.239720	    156.239720	63026	    156.235622	    156.243812	0.0	      0.000000	236	2437139	
684	  0.000000	 67.322655	    156.342904	    156.342904	32113	    156.338806	    156.346996	0.0	      0.000000	237	31304	
685	  0.009300	280.678174	    156.354143	    156.354143	35884	    156.350045	    156.358235	0.0	      0.000000	237	31304	
686	 -0.032551	328.403303	    157.831381	    157.831381	7275	    157.827283	    157.835473	0.0	      0.000000	245	11139	
687	 -0.037201	159.442401	    158.395134	    158.395134	65367	    158.391036	    158.395635	0.0	      0.000000	247	979	
688	  0.000000	 35.660774	    158.804552	    158.804552	6137	    158.800454	    158.808644	0.0	      0.000000	250	79	
689	  0.000000	 48.913373	    159.363924	    159.363924	62759	    159.359826	    159.368016	0.0	      0.000000	252	24	
690	 -0.037201	 55.215003	    159.563904	    159.563904	64325	    159.559806	    159.567510	0.0	      0.000000	253	4054	
691	 -0.037201	1054.435350	    159.748550	    159.748550	60746	    159.744452	    159.752642	0.0	      0.000000	254	142272	
692	  0.004650	 17.724356	    160.131417	    160.131417	58143	    160.127319	    160.135509	0.0	      0.000000	256	22	
693	 -0.027901	2735.756571	    160.295422	    160.295422	47638	    160.291325	    160.299514	0.0	      0.000000	257	44654	
694	 -0.176706	 27.051044	    160.551615	    160.551615	2530	    160.547517	    160.555707	0.0	      0.000000	259	12914	
695	 -0.009300	185.469147	    160.646905	    160.646905	34504	    160.642807	    160.650997	0.0	      0.000000	259	12914	
696	 -0.186006	 63.500925	    161.109807	    161.109807	58756	    161.105709	    161.113898	0.0	      0.000000	261	6321	
697	 -0.144155	 56.614010	    161.210679	    161.210679	27067	    161.206581	    161.214770	0.0	      0.000000	262	3137	
698	  0.009300	4147.976157	    161.490463	    161.490463	55411	    161.486365	    161.494555	0.0	      0.000000	263	59494	
699	 -0.009300	4415.269636	    161.515005	    161.515005	63646	    161.510907	    161.519097	0.0	      0.000000	263	59494	
700	  0.027901	 52.460271	    161.524694	    161.524694	1361	    161.520638	    161.528786	0.0	      0.000000	264	8840	
701	 -0.418513	1001.760583	    161.645232	    161.645232	41807	    161.641134	    161.649324	0.0	      0.000000	264	8840	
702	  0.000000	 18.041953	    164.816757	    164.816757	57418	    164.812659	    164.820848	0.0	      0.000000	280	6	
703	 -0.004650	 10.890365	    165.718438	    165.718438	32292	    165.714340	    165.722530	0.0	      0.000000	285	1	
704	  0.325510	 35.808187	    166.741340	    166.741340	47841	    166.737242	    166.745432	0.0	      0.000000	290	2554	
705	  0.000000	 35.386415	    168.117793	    168.117793	50950	    168.113695	    168.121885	0.0	      0.000000	297	50	
706	  0.000000	102.298754	    168.843357	    168.843357	32265	    168.839259	    168.847449	0.0	      0.000000	301	214	
707	  0.000000	 16.359034	    168.848024	    168.848024	33831	    168.843927	    168.852116	0.0	      0.000000	301	214	
708	  0.000000	 16.745270	    170.455794	    170.455794	49021	    170.451696	    170.459886	0.0	      0.000000	309	45	
709	  0.000000	 23.404918	    171.968277	    171.968277	32238	    171.964179	    171.972369	0.0	      0.000000	317	14	
710	  0.000000	 17.162207	    175.093196	    175.093196	32211	    175.089099	    175.097288	0.0	      0.000000	333	5	
711	  0.000000	 22.929841	    175.387602	    175.387602	65461	    175.383504	    175.387822	0.0	      0.000000	334	87	
712	  0.000000	339.443556	    175.390868	    175.390868	1021	    175.387825	    175.394960	0.0	      0.000000	335	1019418	
713	 -0.013950	14089.592676	    176.363756	    176.363756	65324	    176.359658	    176.364385	0.0	      0.000000	339	395055	
714	  0.009300	2286.981188	    176.364552	    176.364552	55	    176.364388	    176.368643	0.0	      0.000000	340	5816351	
715	  0.000000	 20.114805	    176.386450	    176.386450	7403	    176.382352	    176.390542	0.0	      0.000000	340	5816351	
716	  0.013950	729010.790439	    176.550947	    176.550947	62599	    176.546849	    176.555039	0.0	      0.000000	340	5816351	
717	  0.000000	17834.565572	    176.618163	    176.618163	19617	    176.614066	    176.622255	0.0	      0.000000	341	4885899	
718	  0.027901	 27.204859	    177.002309	    177.002309	17443	    176.998211	    177.006401	0.0	      0.000000	343	325	
719	  0.000000	 59.682156	    178.882162	    178.882162	58393	    178.878064	    178.886254	0.0	      0.000000	352	245	
720	 -0.018601	 12.316757	    179.408760	    179.408760	38482	    179.404663	    179.412852	0.0	      0.000000	355	372	
721	 -0.009300	 13.917850	    179.420356	    179.420356	42373	    179.416259	    179.424448	0.0	      0.000000	355	372	
722	  0.009300	 13.518188	    179.500048	    179.500048	3577	    179.495950	    179.504140	0.0	      0.000000	356	286	
723	  0.474315	 39.221383	    180.115594	    180.115594	13512	    180.111496	    180.119686	0.0	      0.000000	359	2509	
724	 -0.032551	 50.673728	    181.341015	    181.341015	31479	    181.336917	    181.345107	0.0	      0.000000	365	112	
725	  0.000000	 35.978521	    183.803915	    183.803915	5923	    183.799817	    183.808006	0.0	      0.000000	378	83	
726	 -0.009300	 50.866510	    187.592883	    187.592883	32106	    187.588786	    187.596975	0.0	      0.000000	397	71	
727	 -0.013950	 75.285760	    188.082342	    188.082342	65269	    188.078244	    188.083135	0.0	      0.000000	399	408821	
728	  0.018601	 93.524559	    189.044006	    189.044006	60270	    189.039908	    189.048098	0.0	      0.000000	404	1320	
