# -------------------------- o --------------------------
# File ID: TIC431899140.bary.0000.h5 
# -------------------------- o --------------------------
# Source:TICObj 
# MJD: 59410.349520510033	RA: 3h44m53.41s	DEC: 45d30m25.88s
# DELTAT:   0.671089	DELTAF(Hz):   2.980232	max_drift_rate:   4.000000	obs_length: 899.929866
# --------------------------
# Top_Hit_# 	Drift_Rate 	SNR 	Uncorrected_Frequency 	Corrected_Frequency 	Index 	freq_start 	freq_end 	SEFD 	SEFD_freq 	Coarse_Channel_Number 	Full_number_of_hits 	
# --------------------------
000001	  0.002169	1466.255493	    110.089947	    110.089947	45872	    110.078956	    110.100935	0.0	      0.000000	0	102129	
000002	 -2.286615	218.480515	    110.385410	    110.385410	13941	    110.374419	    110.396398	0.0	      0.000000	2	27225	
000003	 -0.468604	 19.280081	    111.139555	    111.139555	4846	    111.128564	    111.150543	0.0	      0.000000	6	7372	
000004	 -1.473066	 19.215677	    111.690600	    111.690600	58674	    111.679609	    111.701588	0.0	      0.000000	8	3686	
000005	  0.002169	167.488510	    112.190614	    112.190614	29843	    112.179623	    112.201602	0.0	      0.000000	11	1177	
000006	  0.010847	 26.358570	    112.589769	    112.589769	32705	    112.578778	    112.600757	0.0	      0.000000	13	60	
000007	  0.006508	 41.310452	    113.940827	    113.940827	27293	    113.929836	    113.951815	0.0	      0.000000	20	135	
000008	  0.002169	155.618210	    114.688943	    114.688943	16175	    114.677952	    114.699931	0.0	      0.000000	24	34434	
000009	 -3.803070	 10.895753	    115.191395	    115.191395	53698	    115.180404	    115.202383	0.0	      0.000000	26	2936	
000010	  0.002169	111.076462	    115.589468	    115.589468	56197	    115.578477	    115.600456	0.0	      0.000000	28	8572	
000011	 -0.004339	 12.809854	    116.789172	    116.789172	65535	    116.778181	    116.789172	0.0	      0.000000	34	3	
000012	 -0.807040	209.635406	    117.139829	    117.139829	52124	    117.128838	    117.150817	0.0	      0.000000	36	19105	
000013	 -0.002169	 12.630329	    117.489408	    117.489408	38351	    117.478416	    117.500396	0.0	      0.000000	38	2	
000014	  0.006508	 24.079866	    117.789192	    117.789192	7870	    117.778201	    117.800180	0.0	      0.000000	40	3708	
000015	 -0.507654	 68.534607	    118.189565	    118.189565	11141	    118.178574	    118.200554	0.0	      0.000000	42	130988	
000016	  0.023864	816.764526	    118.339227	    118.339227	61359	    118.328236	    118.350215	0.0	      0.000000	42	130988	
000017	  0.002169	83682.132812	    118.464304	    118.464304	37792	    118.453313	    118.475292	0.0	      0.000000	43	2824159	
000018	 -0.631314	 57.485771	    118.489830	    118.489830	46357	    118.478839	    118.500818	0.0	      0.000000	43	2824159	
000019	  0.032542	1804.337769	    118.538938	    118.538938	62835	    118.527947	    118.546985	0.0	      0.000000	43	2824159	
000020	 -0.568399	195.524628	    118.614594	    118.614594	22685	    118.603603	    118.625582	0.0	      0.000000	44	106791	
000021	  0.028203	 97.093521	    118.734242	    118.734242	62832	    118.723251	    118.742297	0.0	      0.000000	44	106791	
000022	  0.036881	114.143288	    118.889106	    118.889106	49260	    118.878115	    118.900095	0.0	      0.000000	45	9625	
000023	  0.279861	261.688171	    118.943815	    118.943815	2081	    118.937613	    118.954803	0.0	      0.000000	46	686416	
000024	 -0.008678	160982.765625	    118.964122	    118.964122	8895	    118.953131	    118.975110	0.0	      0.000000	46	686416	
000025	  0.496807	3823.760010	    119.138954	    119.138954	2023	    119.132925	    119.149942	0.0	      0.000000	47	56335	
000026	  0.002169	124.201263	    119.164125	    119.164125	10469	    119.153134	    119.175113	0.0	      0.000000	47	56335	
000027	 -0.030372	31413.630859	    119.364588	    119.364588	12197	    119.353596	    119.375576	0.0	      0.000000	48	394517	
000028	 -0.030372	164.911545	    119.597615	    119.597615	24852	    119.586624	    119.608603	0.0	      0.000000	49	101548	
000029	 -0.134507	535.122009	    119.614271	    119.614271	30441	    119.603280	    119.625260	0.0	      0.000000	49	101548	
000030	  0.002169	607.581665	    119.638876	    119.638876	38697	    119.627885	    119.649864	0.0	      0.000000	49	101548	
000031	  0.325420	64938.671875	    119.888998	    119.888998	57088	    119.878007	    119.899986	0.0	      0.000000	50	295799	
000032	 -0.006508	147.388260	    120.039065	    120.039065	41906	    120.028074	    120.050053	0.0	      0.000000	51	31700	
000033	  0.006508	 16.773380	    120.089246	    120.089246	58744	    120.078255	    120.100234	0.0	      0.000000	51	31700	
000034	 -0.564061	411.746826	    120.339588	    120.339588	11673	    120.328597	    120.350577	0.0	      0.000000	53	41873	
000035	  0.023864	 83.176613	    120.464168	    120.464168	53475	    120.453177	    120.475156	0.0	      0.000000	53	41873	
000036	  0.008678	 40.897900	    120.514197	    120.514197	4726	    120.503206	    120.525185	0.0	      0.000000	54	3749	
000037	 -0.262505	 14.623158	    120.539064	    120.539064	13070	    120.528073	    120.550052	0.0	      0.000000	54	3749	
000038	  0.002169	105.420464	    120.564200	    120.564200	21504	    120.553208	    120.575188	0.0	      0.000000	54	3749	
000039	  0.026034	15174.000977	    120.739086	    120.739086	14650	    120.728094	    120.750074	0.0	      0.000000	55	151197	
000040	  0.002169	135.707260	    121.464128	    121.464128	61326	    121.453137	    121.475117	0.0	      0.000000	58	2814	
000041	 -0.069423	2619.964600	    121.588938	    121.588938	37669	    121.577946	    121.599926	0.0	      0.000000	59	39535	
000042	 -0.114982	623.643372	    122.164176	    122.164176	34079	    122.153185	    122.175164	0.0	      0.000000	62	118917	
000043	  0.676873	 15.163445	    122.721643	    122.721643	24526	    122.710652	    122.732631	0.0	      0.000000	65	30944	
000044	  0.622636	 44.411640	    122.738833	    122.738833	30294	    122.727842	    122.749821	0.0	      0.000000	65	30944	
000045	 -0.028203	 85.281845	    122.813956	    122.813956	55501	    122.802965	    122.824944	0.0	      0.000000	65	30944	
000046	  0.030372	482.701416	    123.043803	    123.043803	1553	    123.039175	    123.054792	0.0	      0.000000	67	14644	
000047	  0.056406	4165.261719	    123.239104	    123.239104	1549	    123.234488	    123.250092	0.0	      0.000000	68	424621	
000048	  0.225624	4627.506836	    123.263011	    123.263011	9571	    123.252020	    123.274000	0.0	      0.000000	68	424621	
000049	  0.032542	 23.595463	    123.489059	    123.489059	19884	    123.478068	    123.500047	0.0	      0.000000	69	49031	
000050	 -0.021695	 83.437256	    123.588822	    123.588822	53359	    123.577831	    123.599811	0.0	      0.000000	69	49031	
000051	  0.004339	840.306274	    123.613904	    123.613904	61775	    123.602913	    123.624892	0.0	      0.000000	69	49031	
000052	  1.366762	162.102402	    123.638339	    123.638339	4438	    123.627348	    123.649327	0.0	      0.000000	70	202700	
000053	  0.551044	37169.019531	    123.813982	    123.813982	63374	    123.802991	    123.820422	0.0	      0.000000	70	202700	
000054	  0.010847	250.623581	    123.888956	    123.888956	22995	    123.877965	    123.899944	0.0	      0.000000	71	82587	
000055	  0.551044	4286.361328	    124.009282	    124.009282	63370	    123.998291	    124.015735	0.0	      0.000000	71	82587	
000056	  0.101965	1202.022949	    124.063898	    124.063898	16160	    124.052907	    124.074886	0.0	      0.000000	72	177105	
000057	 -0.026034	 71.903275	    124.163942	    124.163942	49729	    124.152951	    124.174930	0.0	      0.000000	72	177105	
000058	 -0.034711	 59.626320	    124.188901	    124.188901	58104	    124.177910	    124.199889	0.0	      0.000000	72	177105	
000059	 -0.151862	 13.910087	    124.209235	    124.209235	64927	    124.198244	    124.211047	0.0	      0.000000	72	177105	
000060	  0.583586	22243.660156	    124.212862	    124.212862	608	    124.211050	    124.223850	0.0	      0.000000	73	7872793	
000061	 -0.820057	419.693146	    124.227090	    124.227090	5382	    124.216099	    124.238078	0.0	      0.000000	73	7872793	
000062	  0.412198	10061.308594	    124.244202	    124.244202	11124	    124.233211	    124.255190	0.0	      0.000000	73	7872793	
000063	 -0.835244	2636.946777	    124.258305	    124.258305	15856	    124.247314	    124.269293	0.0	      0.000000	73	7872793	
000064	 -0.060745	734416.687500	    124.288879	    124.288879	26115	    124.277888	    124.299867	0.0	      0.000000	73	7872793	
000065	 -0.065084	734416.687500	    124.288882	    124.288882	26116	    124.277891	    124.299870	0.0	      0.000000	73	7872793	
000066	  0.709415	4646.813477	    124.319465	    124.319465	36378	    124.308474	    124.330453	0.0	      0.000000	73	7872793	
000067	 -0.570569	2301.909912	    124.333588	    124.333588	41117	    124.322597	    124.344577	0.0	      0.000000	73	7872793	
000068	  0.123659	99483.648438	    124.364234	    124.364234	51400	    124.353243	    124.375222	0.0	      0.000000	73	7872793	
000069	 -0.065084	6609.896484	    124.405564	    124.405564	65268	    124.394573	    124.406360	0.0	      0.000000	73	7872793	
000070	 -0.101965	6609.896484	    124.405585	    124.405585	65275	    124.394594	    124.406360	0.0	      0.000000	73	7872793	
000071	  0.600941	2962.827148	    124.406458	    124.406458	32	    124.406363	    124.417446	0.0	      0.000000	74	7194201	
000072	 -0.379656	11119.300781	    124.433349	    124.433349	9055	    124.422358	    124.444337	0.0	      0.000000	74	7194201	
000073	  2.126074	3100.464844	    124.460180	    124.460180	18058	    124.449189	    124.471168	0.0	      0.000000	74	7194201	
000074	 -0.989275	98328.570312	    124.489604	    124.489604	27931	    124.478612	    124.500592	0.0	      0.000000	74	7194201	
000075	 -1.657470	1495.479858	    124.517597	    124.517597	37324	    124.506606	    124.528585	0.0	      0.000000	74	7194201	
000076	  0.416537	31194.970703	    124.545224	    124.545224	46594	    124.534233	    124.556212	0.0	      0.000000	74	7194201	
000077	 -0.982767	4270.721191	    124.573101	    124.573101	55948	    124.562110	    124.584089	0.0	      0.000000	74	7194201	
000078	 -1.533811	365.982788	    124.601025	    124.601025	65318	    124.590034	    124.601672	0.0	      0.000000	74	7194201	
000079	  2.243225	115.217560	    124.611513	    124.611513	3301	    124.601675	    124.622501	0.0	      0.000000	75	7374515	
000080	 -3.544904	 69.327339	    124.624659	    124.624659	7712	    124.613668	    124.635647	0.0	      0.000000	75	7374515	
000081	 -0.110643	151655.187500	    124.638973	    124.638973	12515	    124.627982	    124.649961	0.0	      0.000000	75	7374515	
000082	 -1.256119	618.422974	    124.665959	    124.665959	21570	    124.654968	    124.676947	0.0	      0.000000	75	7374515	
000083	 -0.993614	53106.660156	    124.681501	    124.681501	26785	    124.670510	    124.692489	0.0	      0.000000	75	7374515	
000084	 -0.833074	438.052612	    124.698622	    124.698622	32530	    124.687631	    124.709610	0.0	      0.000000	75	7374515	
000085	 -0.997953	3738.121094	    124.723689	    124.723689	40941	    124.712698	    124.734677	0.0	      0.000000	75	7374515	
000086	 -1.394965	3640.295166	    124.750389	    124.750389	49900	    124.739398	    124.761377	0.0	      0.000000	75	7374515	
000087	  0.030372	1682.812134	    124.763919	    124.763919	54440	    124.752928	    124.774907	0.0	      0.000000	75	7374515	
000088	 -0.219116	15383.422852	    124.792121	    124.792121	63903	    124.781130	    124.796985	0.0	      0.000000	75	7374515	
000089	  0.002169	4412.511230	    124.938620	    124.938620	47524	    124.927629	    124.949608	0.0	      0.000000	76	1229805	
000090	  0.032542	6875.054199	    125.138528	    125.138528	49066	    125.127537	    125.149516	0.0	      0.000000	77	72368	
000091	  0.642161	 21.486395	    125.188593	    125.188593	329	    125.187613	    125.199581	0.0	      0.000000	78	927	
000092	 -0.004339	 45.380207	    125.613890	    125.613890	11963	    125.602899	    125.624878	0.0	      0.000000	80	1545	
000093	 -1.553336	 49.963409	    125.939454	    125.939454	55668	    125.928463	    125.950442	0.0	      0.000000	81	17557	
000094	 -1.167171	 74.099319	    125.968285	    125.968285	65342	    125.957293	    125.968860	0.0	      0.000000	81	17557	
000095	 -1.154155	35462.027344	    126.041619	    126.041619	24413	    126.030628	    126.052607	0.0	      0.000000	82	8424384	
000096	 -0.110643	204.969131	    126.065401	    126.065401	32393	    126.054410	    126.076389	0.0	      0.000000	82	8424384	
000097	  1.284323	21303.285156	    126.137767	    126.137767	56675	    126.126776	    126.148755	0.0	      0.000000	82	8424384	
000098	 -0.318911	 14.718289	    126.488815	    126.488815	43395	    126.477824	    126.499803	0.0	      0.000000	84	38	
000099	  0.086779	6638.889648	    126.872117	    126.872117	40938	    126.861126	    126.883106	0.0	      0.000000	86	53427	
000100	  0.004339	 61.279778	    127.088733	    127.088733	48086	    127.077742	    127.099721	0.0	      0.000000	87	570	
000101	  0.028203	316.215759	    127.143462	    127.143462	914	    127.140738	    127.154450	0.0	      0.000000	88	149652	
000102	  0.238641	816.832886	    127.163530	    127.163530	7648	    127.152539	    127.174519	0.0	      0.000000	88	149652	
000103	 -0.028203	654.271118	    127.188669	    127.188669	16083	    127.177678	    127.199657	0.0	      0.000000	88	149652	
000104	  0.006508	 76.233353	    127.288822	    127.288822	49689	    127.277831	    127.299811	0.0	      0.000000	88	149652	
000105	  0.032542	1473.294922	    127.338759	    127.338759	909	    127.336050	    127.349747	0.0	      0.000000	89	30329	
000106	  0.631314	 13.317544	    127.663456	    127.663456	44323	    127.652464	    127.674444	0.0	      0.000000	90	510	
000107	 -0.008678	8384.651367	    127.838392	    127.838392	37486	    127.827401	    127.849380	0.0	      0.000000	91	44454	
000108	  0.036881	32898.414062	    127.955170	    127.955170	11134	    127.944178	    127.966158	0.0	      0.000000	92	694474	
000109	  0.002169	401.716522	    128.088687	    128.088687	55935	    128.077696	    128.099675	0.0	      0.000000	92	694474	
000110	 -0.357962	37259.218750	    128.138314	    128.138314	7051	    128.127323	    128.149302	0.0	      0.000000	93	318310	
000111	 -0.232133	20367.763672	    128.263248	    128.263248	48972	    128.252257	    128.274236	0.0	      0.000000	93	318310	
000112	 -0.056406	321.675812	    128.321547	    128.321547	2998	    128.312613	    128.332536	0.0	      0.000000	94	45631	
000113	  0.208269	 38.775776	    128.913326	    128.913326	4958	    128.902335	    128.924314	0.0	      0.000000	97	10936	
000114	  0.002169	 43.332874	    129.363604	    129.363604	24974	    129.352612	    129.374592	0.0	      0.000000	99	1316	
000115	  0.023864	 17.230560	    129.388479	    129.388479	33321	    129.377488	    129.399468	0.0	      0.000000	99	1316	
000116	 -0.264675	18518.347656	    129.563512	    129.563512	26516	    129.552520	    129.574500	0.0	      0.000000	100	714493	
000117	  0.002169	 27.367971	    130.088548	    130.088548	6081	    130.077557	    130.099536	0.0	      0.000000	103	154978	
000118	 -0.127998	5564.822754	    130.113454	    130.113454	14438	    130.102463	    130.124442	0.0	      0.000000	103	154978	
000119	  0.049898	607.285950	    130.188389	    130.188389	39582	    130.177398	    130.199377	0.0	      0.000000	103	154978	
000120	  0.247319	 17.844374	    130.713041	    130.713041	19018	    130.702050	    130.724029	0.0	      0.000000	106	53080	
000121	  0.663856	 10.422385	    130.737488	    130.737488	27221	    130.726496	    130.748476	0.0	      0.000000	106	53080	
000122	 -0.010847	1206.663452	    130.763341	    130.763341	35896	    130.752350	    130.774329	0.0	      0.000000	106	53080	
000123	 -0.067253	 30.777973	    130.837933	    130.837933	60925	    130.826942	    130.848921	0.0	      0.000000	106	53080	
000124	 -0.119321	 18.793440	    131.242211	    131.242211	65506	    131.231220	    131.242297	0.0	      0.000000	108	67060	
000125	  1.874417	13887.439453	    131.262011	    131.262011	6614	    131.251020	    131.273000	0.0	      0.000000	109	5659459	
000126	  0.006508	221.361267	    131.338460	    131.338460	32266	    131.327469	    131.349448	0.0	      0.000000	109	5659459	
000127	 -0.073762	47790.070312	    131.363402	    131.363402	40635	    131.352411	    131.374390	0.0	      0.000000	109	5659459	
000128	 -0.026034	 40.184010	    131.463377	    131.463377	8645	    131.452386	    131.474365	0.0	      0.000000	110	5164	
000129	 -0.269013	203.473038	    131.632648	    131.632648	65443	    131.621657	    131.632922	0.0	      0.000000	110	5164	
000130	  2.716168	 30.808107	    131.634010	    131.634010	364	    131.632925	    131.644998	0.0	      0.000000	111	7592659	
000131	  0.618297	7622.925293	    131.670959	    131.670959	12762	    131.659968	    131.681947	0.0	      0.000000	111	7592659	
000132	 -1.716046	106.481308	    131.708003	    131.708003	25192	    131.697012	    131.718991	0.0	      0.000000	111	7592659	
000133	  1.323373	194.540421	    131.723739	    131.723739	30472	    131.712748	    131.734727	0.0	      0.000000	111	7592659	
000134	 -1.125952	1001.558777	    131.760828	    131.760828	42917	    131.749837	    131.771816	0.0	      0.000000	111	7592659	
000135	 -0.138846	42376.261719	    131.813494	    131.813494	60589	    131.802503	    131.824483	0.0	      0.000000	111	7592659	
000136	  3.527548	 31.621773	    131.831060	    131.831060	947	    131.828238	    131.842048	0.0	      0.000000	112	2359805	
000137	 -1.588047	281.286896	    131.867562	    131.867562	13195	    131.856571	    131.878550	0.0	      0.000000	112	2359805	
000138	 -0.336267	6079.462891	    131.912998	    131.912998	28441	    131.902007	    131.923987	0.0	      0.000000	112	2359805	
000139	  0.943717	2542.809814	    131.958438	    131.958438	43688	    131.947447	    131.969426	0.0	      0.000000	112	2359805	
000140	 -0.203930	687.449829	    132.008822	    132.008822	60594	    131.997831	    132.019810	0.0	      0.000000	112	2359805	
000141	  0.015186	 17.386383	    132.038585	    132.038585	5045	    132.027594	    132.049574	0.0	      0.000000	113	7164	
000142	 -0.082440	 57.903336	    132.171724	    132.171724	49719	    132.160733	    132.182712	0.0	      0.000000	113	7164	
000143	 -0.034711	 30.279333	    132.538353	    132.538353	41667	    132.527361	    132.549341	0.0	      0.000000	115	3152	
000144	  0.010847	17054.626953	    132.862825	    132.862825	19470	    132.851834	    132.873813	0.0	      0.000000	117	147008	
000145	 -0.156201	112.064941	    132.954965	    132.954965	50387	    132.943974	    132.965953	0.0	      0.000000	117	147008	
000146	  0.084609	632.011414	    133.121447	    133.121447	40713	    133.110456	    133.132435	0.0	      0.000000	118	30044	
000147	  1.666148	3211.319336	    133.237834	    133.237834	14230	    133.226843	    133.248822	0.0	      0.000000	119	784003	
000148	 -0.082440	164.667374	    133.304847	    133.304847	36716	    133.293856	    133.315836	0.0	      0.000000	119	784003	
000149	 -0.091117	99777.203125	    133.346672	    133.346672	50750	    133.335681	    133.357660	0.0	      0.000000	119	784003	
000150	  0.039050	 53.642685	    133.429710	    133.429710	13077	    133.418719	    133.440698	0.0	      0.000000	120	8086	
000151	 -0.234302	472.100403	    133.592991	    133.592991	2329	    133.586050	    133.603979	0.0	      0.000000	121	57892	
000152	 -0.236472	12644.073242	    133.788292	    133.788292	2325	    133.781363	    133.799280	0.0	      0.000000	122	211167	
000153	  0.060745	 40.285961	    133.846329	    133.846329	21799	    133.835338	    133.857317	0.0	      0.000000	122	211167	
000154	  0.006508	346.248322	    133.888279	    133.888279	35875	    133.877287	    133.899267	0.0	      0.000000	122	211167	
000155	  0.002169	 62.141354	    133.988152	    133.988152	3851	    133.977161	    133.999140	0.0	      0.000000	123	612197	
000156	  0.381826	 66.105408	    134.038041	    134.038041	20591	    134.027050	    134.049029	0.0	      0.000000	123	612197	
000157	  0.106304	212236.671875	    134.137959	    134.137959	54118	    134.126968	    134.148948	0.0	      0.000000	123	612197	
000158	  0.028203	 11.068533	    134.338267	    134.338267	55794	    134.327276	    134.349255	0.0	      0.000000	124	2	
000159	  0.023864	730211.687500	    134.438116	    134.438116	23762	    134.427125	    134.449105	0.0	      0.000000	125	3384869	
000160	 -0.344945	2213.972168	    134.538735	    134.538735	57524	    134.527744	    134.549723	0.0	      0.000000	125	3384869	
000161	  0.039050	1035.165161	    134.568117	    134.568117	1847	    134.562613	    134.579105	0.0	      0.000000	126	70300	
000162	 -0.030372	297.078735	    134.638114	    134.638114	25334	    134.627123	    134.649102	0.0	      0.000000	126	70300	
000163	  0.002169	9140.414062	    134.763445	    134.763445	1852	    134.757925	    134.774433	0.0	      0.000000	127	3826464	
000164	 -3.225992	439.852631	    134.795265	    134.795265	12529	    134.784273	    134.806253	0.0	      0.000000	127	3826464	
000165	 -2.212853	 83.844536	    134.823398	    134.823398	21969	    134.812407	    134.834386	0.0	      0.000000	127	3826464	
000166	 -0.516332	 48.955143	    134.854291	    134.854291	32335	    134.843300	    134.865279	0.0	      0.000000	127	3826464	
000167	  1.676995	 30.229723	    134.870247	    134.870247	37689	    134.859256	    134.881235	0.0	      0.000000	127	3826464	
000168	  1.637945	223.871521	    134.899298	    134.899298	47437	    134.888307	    134.910287	0.0	      0.000000	127	3826464	
000169	  0.180065	5215.310059	    134.929578	    134.929578	57597	    134.918587	    134.940566	0.0	      0.000000	127	3826464	
000170	  0.327589	6931.484863	    135.012959	    135.012959	20039	    135.001967	    135.023947	0.0	      0.000000	128	336320	
000171	  0.006508	 83.574158	    135.063214	    135.063214	36902	    135.052223	    135.074202	0.0	      0.000000	128	336320	
000172	  0.017356	 13.683210	    135.261340	    135.261340	37846	    135.250349	    135.272328	0.0	      0.000000	129	35	
000173	  0.002169	4643.087402	    135.379807	    135.379807	12061	    135.368816	    135.390795	0.0	      0.000000	130	474202	
000174	 -0.290708	339352.500000	    135.654793	    135.654793	38795	    135.643802	    135.665781	0.0	      0.000000	131	1135963	
000175	  0.043389	245.462555	    135.762964	    135.762964	9555	    135.751973	    135.773952	0.0	      0.000000	132	81192	
000176	 -0.967581	27236.191406	    135.888703	    135.888703	51746	    135.877712	    135.899691	0.0	      0.000000	132	81192	
000177	 -0.073762	 11.176130	    136.037798	    136.037798	36238	    136.026807	    136.048786	0.0	      0.000000	133	2358820	
000178	  0.060745	480711.718750	    136.071352	    136.071352	47497	    136.060361	    136.082340	0.0	      0.000000	133	2358820	
000179	 -0.058576	 61.329910	    136.137636	    136.137636	4202	    136.126645	    136.148624	0.0	      0.000000	134	14007	
000180	  0.071592	3598.503418	    136.487694	    136.487694	56126	    136.476703	    136.498682	0.0	      0.000000	135	205207	
000181	  0.637822	166.541199	    136.527933	    136.527933	4092	    136.516942	    136.538921	0.0	      0.000000	136	664267	
000182	  0.006508	95563.218750	    136.571313	    136.571313	18648	    136.560322	    136.582301	0.0	      0.000000	136	664267	
000183	 -0.112812	349.360962	    136.638485	    136.638485	41187	    136.627493	    136.649473	0.0	      0.000000	136	664267	
000184	 -0.078101	 24.527931	    136.814878	    136.814878	34839	    136.803887	    136.825867	0.0	      0.000000	137	5463737	
000185	  1.737740	 30.852026	    137.060214	    137.060214	51624	    137.049223	    137.071202	0.0	      0.000000	138	7117328	
000186	 -3.102333	 14.562955	    137.336544	    137.336544	13273	    137.325553	    137.347532	0.0	      0.000000	140	190552	
000187	 -3.759681	 14.429043	    137.399132	    137.399132	34274	    137.388141	    137.410120	0.0	      0.000000	140	190552	
000188	  1.464388	1704.774902	    137.536902	    137.536902	14966	    137.525911	    137.547890	0.0	      0.000000	141	83891	
000189	  0.006508	 10.243349	    137.588022	    137.588022	32119	    137.577031	    137.599010	0.0	      0.000000	141	83891	
000190	 -0.405690	 36.752003	    138.363133	    138.363133	30059	    138.352142	    138.374121	0.0	      0.000000	145	4458	
000191	 -0.095456	356.531555	    139.238055	    139.238055	61490	    139.227064	    139.249043	0.0	      0.000000	149	94047	
000192	  0.043389	15149.364258	    140.662883	    140.662883	15295	    140.651892	    140.673871	0.0	      0.000000	157	740870	
000193	  0.242980	 13.090148	    141.762729	    141.762729	56662	    141.751738	    141.773717	0.0	      0.000000	162	78	
000194	 -0.114982	 58.468555	    142.362876	    142.362876	61430	    142.351885	    142.373864	0.0	      0.000000	165	8994	
000195	  3.416905	 40.531322	    143.709956	    143.709956	54683	    143.698965	    143.720944	0.0	      0.000000	172	7236	
000196	  0.006508	 16.350906	    143.837584	    143.837584	31972	    143.826593	    143.848572	0.0	      0.000000	173	4	
000197	  0.477282	 50.270321	    143.988333	    143.988333	17019	    143.977342	    143.999321	0.0	      0.000000	174	7671	
000198	  0.006508	3855.301514	    144.493554	    144.493554	55471	    144.482563	    144.504542	0.0	      0.000000	176	792443	
000199	  0.002169	4664.945801	    144.567535	    144.567535	14759	    144.556544	    144.578524	0.0	      0.000000	177	3710326	
000200	 -0.169218	 51.969387	    144.612155	    144.612155	29731	    144.601164	    144.623144	0.0	      0.000000	177	3710326	
000201	 -0.188743	1844.091431	    144.625185	    144.625185	34103	    144.614194	    144.636173	0.0	      0.000000	177	3710326	
000202	  0.173557	201.660294	    144.638504	    144.638504	38572	    144.627513	    144.649492	0.0	      0.000000	177	3710326	
000203	 -0.173557	253.336365	    144.662462	    144.662462	46611	    144.651471	    144.673450	0.0	      0.000000	177	3710326	
000204	 -0.156201	 26.728687	    144.699715	    144.699715	59111	    144.688724	    144.710703	0.0	      0.000000	177	3710326	
000205	 -0.143185	774.048096	    144.712303	    144.712303	63335	    144.701312	    144.718860	0.0	      0.000000	177	3710326	
000206	  0.158371	30879.923828	    144.737334	    144.737334	6198	    144.726343	    144.748322	0.0	      0.000000	178	1640380	
000207	 -0.039050	 38.126144	    144.762350	    144.762350	14592	    144.751359	    144.773338	0.0	      0.000000	178	1640380	
000208	  0.015186	103.641602	    144.887168	    144.887168	56474	    144.876177	    144.898156	0.0	      0.000000	178	1640380	
000209	 -0.145354	146.033997	    144.907604	    144.907604	63331	    144.896613	    144.914172	0.0	      0.000000	178	1640380	
000210	 -0.741957	 46.243893	    145.212896	    145.212896	34698	    145.201905	    145.223884	0.0	      0.000000	180	20044	
000211	 -0.694228	 17.339693	    145.225368	    145.225368	38883	    145.214377	    145.236356	0.0	      0.000000	180	20044	
000212	  0.919853	 16.904148	    145.236902	    145.236902	42753	    145.225910	    145.247890	0.0	      0.000000	180	20044	
000213	 -0.169218	 44.135685	    145.262487	    145.262487	51338	    145.251496	    145.273475	0.0	      0.000000	180	20044	
000214	 -0.451248	 63.819115	    145.687361	    145.687361	62830	    145.676370	    145.695422	0.0	      0.000000	182	6285532	
000215	  0.138846	 16.788288	    145.706106	    145.706106	3584	    145.695425	    145.717094	0.0	      0.000000	183	2009209	
000216	 -0.099795	 65.351257	    145.737438	    145.737438	14097	    145.726446	    145.748426	0.0	      0.000000	183	2009209	
000217	 -0.021695	5190.845215	    145.762150	    145.762150	22389	    145.751159	    145.773138	0.0	      0.000000	183	2009209	
000218	 -3.798731	403.606659	    145.812679	    145.812679	39344	    145.801688	    145.823668	0.0	      0.000000	183	2009209	
000219	  0.054237	 85.928528	    145.837803	    145.837803	47774	    145.826812	    145.848791	0.0	      0.000000	183	2009209	
000220	 -0.019525	 34.540359	    145.862580	    145.862580	56088	    145.851589	    145.873569	0.0	      0.000000	183	2009209	
000221	  0.043389	 95.993134	    145.875392	    145.875392	60387	    145.864401	    145.886381	0.0	      0.000000	183	2009209	
000222	 -3.158739	 26.389765	    145.954494	    145.954494	21393	    145.943503	    145.965482	0.0	      0.000000	184	50083	
000223	 -1.870078	 25.600807	    146.489013	    146.489013	4140	    146.478022	    146.500001	0.0	      0.000000	187	5478	
000224	  0.010847	 49.973175	    146.725265	    146.725265	17877	    146.714274	    146.736253	0.0	      0.000000	188	43586	
000225	  0.067253	 40.941696	    147.445981	    147.445981	63101	    147.434990	    147.453235	0.0	      0.000000	191	4282	
000226	  2.178142	 14.122748	    147.650404	    147.650404	622	    147.648550	    147.661392	0.0	      0.000000	193	1712	
000227	  0.572738	1331.978149	    147.987412	    147.987412	48167	    147.976420	    147.998400	0.0	      0.000000	194	30325	
000228	 -0.002169	 14.735306	    148.099263	    148.099263	20162	    148.088272	    148.110251	0.0	      0.000000	195	183	
000229	  0.017356	152.460800	    148.295612	    148.295612	20510	    148.284621	    148.306600	0.0	      0.000000	196	174910	
000230	  0.002169	176.953812	    148.374717	    148.374717	47053	    148.363725	    148.385705	0.0	      0.000000	196	174910	
000231	  0.002169	 26.651524	    148.437337	    148.437337	2529	    148.429800	    148.448325	0.0	      0.000000	197	152775	
000232	  0.047728	 11.964767	    148.450099	    148.450099	6811	    148.439107	    148.461087	0.0	      0.000000	197	152775	
000233	 -0.008678	 66.880867	    148.603262	    148.603262	58204	    148.592271	    148.614250	0.0	      0.000000	197	152775	
000234	  0.002169	397.233978	    149.102799	    149.102799	29213	    149.091808	    149.113787	0.0	      0.000000	200	2867284	
000235	  2.273598	 53.023869	    149.470432	    149.470432	21498	    149.459441	    149.481420	0.0	      0.000000	202	50545	
000236	 -0.392673	 11.944064	    149.637551	    149.637551	12038	    149.626560	    149.648539	0.0	      0.000000	203	3686	
000237	  0.006508	358.310730	    150.087146	    150.087146	31825	    150.076155	    150.098134	0.0	      0.000000	205	4969	
000238	  1.425338	 78.293251	    150.538610	    150.538610	52239	    150.527618	    150.549598	0.0	      0.000000	207	85191	
000239	  1.418829	 46.912056	    150.986535	    150.986535	5930	    150.975544	    150.997524	0.0	      0.000000	210	11300	
000240	  0.162710	 16.329243	    151.061938	    151.061938	31231	    151.050947	    151.072926	0.0	      0.000000	210	11300	
000241	 -0.670364	2531.082520	    151.287283	    151.287283	41308	    151.276292	    151.298271	0.0	      0.000000	211	36049	
000242	  0.136676	1217.230347	    151.687185	    151.687185	44421	    151.676194	    151.698173	0.0	      0.000000	213	46689	
000243	  0.002169	 16.486536	    153.056858	    153.056858	45255	    153.045867	    153.067846	0.0	      0.000000	220	22	
000244	  0.015186	 12.877878	    154.921515	    154.921515	15570	    154.910524	    154.932503	0.0	      0.000000	230	22	
000245	 -0.006508	 32.955833	    155.836634	    155.836634	60489	    155.825643	    155.847622	0.0	      0.000000	234	1027	
000246	  0.008678	111.413307	    155.861009	    155.861009	3132	    155.851675	    155.871997	0.0	      0.000000	235	29936	
000247	 -0.026034	127.717163	    155.886219	    155.886219	11591	    155.875228	    155.897207	0.0	      0.000000	235	29936	
000248	 -0.002169	 47.451672	    156.336708	    156.336708	31678	    156.325717	    156.347696	0.0	      0.000000	237	93075	
000249	  0.015186	1035.379395	    156.385211	    156.385211	47953	    156.374220	    156.396199	0.0	      0.000000	237	93075	
000250	 -0.002169	284.492157	    156.461621	    156.461621	8056	    156.450630	    156.472610	0.0	      0.000000	238	41157	
000251	 -0.054237	 12.476648	    156.511263	    156.511263	24713	    156.500272	    156.522251	0.0	      0.000000	238	41157	
000252	 -0.232133	642.390930	    156.661598	    156.661598	9621	    156.650607	    156.672586	0.0	      0.000000	239	1125969	
000253	 -0.104134	 73.658470	    156.686632	    156.686632	18021	    156.675641	    156.697620	0.0	      0.000000	239	1125969	
000254	  0.121490	 38.097775	    156.711675	    156.711675	26424	    156.700684	    156.722663	0.0	      0.000000	239	1125969	
000255	  0.065084	7081.469727	    156.736375	    156.736375	34712	    156.725384	    156.747363	0.0	      0.000000	239	1125969	
000256	 -0.008678	2649.083496	    156.811393	    156.811393	59884	    156.800402	    156.822382	0.0	      0.000000	239	1125969	
000257	  0.032542	 56.647598	    156.836526	    156.836526	2781	    156.828238	    156.847514	0.0	      0.000000	240	368142	
000258	  0.028203	30154.953125	    156.886272	    156.886272	19473	    156.875281	    156.897260	0.0	      0.000000	240	368142	
000259	 -0.008678	 11.538786	    157.006694	    157.006694	59880	    156.995703	    157.017682	0.0	      0.000000	240	368142	
000260	 -0.026034	135.374680	    157.236661	    157.236661	5972	    157.225670	    157.247649	0.0	      0.000000	242	34085	
000261	  0.010847	9904.438477	    157.945503	    157.945503	47212	    157.934512	    157.956491	0.0	      0.000000	245	11735718	
000262	  0.006508	 71.699692	    159.711767	    159.711767	50048	    159.700776	    159.722755	0.0	      0.000000	254	10757	
000263	  0.002169	152.656158	    160.086445	    160.086445	44697	    160.075454	    160.097433	0.0	      0.000000	256	746	
000264	 -0.017356	 11.928457	    160.102053	    160.102053	49934	    160.091062	    160.113041	0.0	      0.000000	256	746	
000265	  0.019525	 16.831928	    160.211251	    160.211251	21039	    160.200260	    160.222239	0.0	      0.000000	257	61	
000266	  0.006508	9883.682617	    161.324344	    161.324344	1315	    161.320425	    161.335332	0.0	      0.000000	263	6963985	
000267	  0.002169	5824.618164	    161.528043	    161.528043	4129	    161.517052	    161.539031	0.0	      0.000000	264	12388257	
000268	 -0.008678	 28.379158	    161.659078	    161.659078	48097	    161.648087	    161.670066	0.0	      0.000000	264	12388257	
000269	 -0.069423	1098.489624	    161.836342	    161.836342	42041	    161.825351	    161.847330	0.0	      0.000000	265	89998	
000270	  0.245149	109.877960	    162.061081	    162.061081	51915	    162.050090	    162.072070	0.0	      0.000000	266	9405943	
000271	  0.062914	148.997940	    162.111596	    162.111596	3329	    162.101675	    162.122584	0.0	      0.000000	267	9754904	
000272	  0.004339	 15.437516	    162.586270	    162.586270	31531	    162.575279	    162.597258	0.0	      0.000000	269	10	
000273	  0.078101	 20.277624	    164.710767	    164.710767	23498	    164.699776	    164.721755	0.0	      0.000000	280	358	
000274	  0.002169	 11.977748	    165.104265	    165.104265	24462	    165.093274	    165.115253	0.0	      0.000000	282	2	
000275	 -0.013017	 13.330903	    165.910731	    165.910731	32923	    165.899740	    165.921719	0.0	      0.000000	286	21693	
000276	  0.088948	474.104248	    165.936021	    165.936021	41409	    165.925030	    165.947009	0.0	      0.000000	286	21693	
000277	  0.010847	652.774597	    166.235818	    166.235818	10932	    166.224826	    166.246806	0.0	      0.000000	288	169154	
000278	 -0.201760	 10.844723	    166.286130	    166.286130	27814	    166.275139	    166.297118	0.0	      0.000000	288	169154	
000279	  0.017356	 28.993326	    166.348730	    166.348730	48819	    166.337739	    166.359718	0.0	      0.000000	288	169154	
000280	  0.006508	 39.971779	    166.373233	    166.373233	57041	    166.362242	    166.384221	0.0	      0.000000	288	169154	
000281	  0.010847	1370.748779	    166.623629	    166.623629	9988	    166.612638	    166.634617	0.0	      0.000000	290	161768	
000282	  0.045559	 32.959335	    166.723011	    166.723011	43335	    166.712020	    166.733999	0.0	      0.000000	290	161768	
000283	  0.010847	 24.283978	    166.752643	    166.752643	53278	    166.741652	    166.763632	0.0	      0.000000	290	161768	
000284	  0.019525	 24.144358	    166.885845	    166.885845	32437	    166.874854	    166.896833	0.0	      0.000000	291	277	
000285	  0.015186	 67.279533	    167.011679	    167.011679	9124	    167.000688	    167.022667	0.0	      0.000000	292	278926	
000286	 -0.004339	548.113281	    167.123244	    167.123244	46559	    167.112253	    167.134232	0.0	      0.000000	292	278926	
000287	  0.017356	 10.983644	    167.586143	    167.586143	5274	    167.575152	    167.597131	0.0	      0.000000	295	19	
000288	 -0.004339	 16.115898	    167.711044	    167.711044	47184	    167.700053	    167.722033	0.0	      0.000000	295	19	
000289	  0.002169	200.371002	    167.996971	    167.996971	12053	    167.985980	    168.007959	0.0	      0.000000	297	2179280	
000290	 -0.004339	 19.303179	    168.152923	    168.152923	64382	    168.141932	    168.156360	0.0	      0.000000	297	2179280	
000291	 -0.002169	 18.871346	    168.348212	    168.348212	64374	    168.337221	    168.351672	0.0	      0.000000	298	13	
000292	 -0.312403	 10.119503	    168.398200	    168.398200	15611	    168.387208	    168.409188	0.0	      0.000000	299	16	
000293	  0.993614	 55.104488	    168.700932	    168.700932	51655	    168.689940	    168.711920	0.0	      0.000000	300	38988	
000294	  0.008678	 12.659883	    168.751894	    168.751894	3219	    168.742300	    168.762882	0.0	      0.000000	301	56	
000295	  0.010847	 27.551443	    168.835832	    168.835832	31384	    168.824841	    168.846820	0.0	      0.000000	301	56	
000296	  0.002169	2300.438232	    169.176863	    169.176863	14743	    169.165872	    169.187851	0.0	      0.000000	303	6895069	
000297	  0.008678	151.667496	    169.774727	    169.774727	18745	    169.763736	    169.785715	0.0	      0.000000	306	15416080	
000298	 -0.004339	 32.948460	    169.801135	    169.801135	27606	    169.790144	    169.812123	0.0	      0.000000	306	15416080	
000299	  0.002169	13236.627930	    169.889359	    169.889359	57209	    169.878368	    169.900347	0.0	      0.000000	306	15416080	
000300	  0.010847	2258.384521	    170.085744	    170.085744	57569	    170.074753	    170.096732	0.0	      0.000000	307	881339	
000301	  0.019525	 11.413457	    170.310406	    170.310406	1881	    170.304800	    170.321394	0.0	      0.000000	309	95142	
000302	  2.883217	 44.154976	    170.345188	    170.345188	13552	    170.334197	    170.356176	0.0	      0.000000	309	95142	
000303	 -0.110643	691.192383	    171.860398	    171.860398	63220	    171.849407	    171.867297	0.0	      0.000000	316	72920	
000304	  0.002169	 10.916963	    171.960614	    171.960614	31311	    171.949623	    171.971602	0.0	      0.000000	317	50359	
000305	 -0.017356	255.918594	    172.055675	    172.055675	63208	    172.044684	    172.062610	0.0	      0.000000	317	50359	
000306	 -0.008678	 40.368446	    172.317080	    172.317080	19849	    172.306089	    172.328068	0.0	      0.000000	319	82537	
000307	  0.010847	247.822174	    172.341762	    172.341762	28131	    172.330771	    172.352750	0.0	      0.000000	319	82537	
000308	 -0.017356	569.697571	    172.716747	    172.716747	22883	    172.705756	    172.727735	0.0	      0.000000	321	79332	
000309	 -0.023864	3290.798340	    173.154069	    173.154069	38552	    173.143078	    173.165057	0.0	      0.000000	323	548427	
000310	 -0.104134	10020.316406	    173.185010	    173.185010	48934	    173.174019	    173.195998	0.0	      0.000000	323	548427	
000311	 -0.002169	 31.946289	    173.859949	    173.859949	13262	    173.848958	    173.870937	0.0	      0.000000	327	1446	
000312	  0.006508	 16.352812	    175.085397	    175.085397	31238	    175.074406	    175.096385	0.0	      0.000000	333	9	
000313	  0.015186	 17.393948	    177.031122	    177.031122	28755	    177.020131	    177.042110	0.0	      0.000000	343	8	
000314	  0.006508	419.326416	    180.085046	    180.085046	4906	    180.074055	    180.096034	0.0	      0.000000	359	26258	
000315	 -0.004339	 29.477688	    180.102597	    180.102597	10795	    180.091606	    180.113585	0.0	      0.000000	359	26258	
000316	  0.017356	 10.726394	    180.717234	    180.717234	20425	    180.706243	    180.728222	0.0	      0.000000	362	3	
000317	 -0.004339	185.993668	    181.237571	    181.237571	63949	    181.226579	    181.242297	0.0	      0.000000	364	2665060	
000318	  0.004339	 13.601615	    182.984192	    182.984192	60194	    182.973201	    182.995180	0.0	      0.000000	373	57448	
000319	  0.006508	 14.395794	    184.403352	    184.403352	12097	    184.392361	    184.414340	0.0	      0.000000	381	3033550	
000320	 -0.006508	3770.769287	    184.557430	    184.557430	63797	    184.546439	    184.562610	0.0	      0.000000	381	3033550	
000321	  0.004339	 43.902149	    184.850342	    184.850342	31010	    184.839351	    184.861330	0.0	      0.000000	383	98	
000322	  0.004339	 40.860031	    185.045640	    185.045640	31005	    185.034649	    185.056628	0.0	      0.000000	384	232	
000323	 -0.004339	 29.519436	    185.240946	    185.240946	31003	    185.229955	    185.251934	0.0	      0.000000	385	82	
000324	  0.004339	 21.640825	    185.436238	    185.436238	30996	    185.425247	    185.447226	0.0	      0.000000	386	30	
000325	  0.002169	 26.677532	    185.631539	    185.631539	30992	    185.620547	    185.642527	0.0	      0.000000	387	68	
000326	  0.004339	 20.905312	    185.826836	    185.826836	30987	    185.815845	    185.837824	0.0	      0.000000	388	33	
000327	  0.013017	 15.518476	    186.022128	    186.022128	30980	    186.011137	    186.033116	0.0	      0.000000	389	18	
000328	  0.002169	138.638367	    187.584520	    187.584520	30944	    187.573529	    187.595509	0.0	      0.000000	397	1110	
000329	 -3.939746	 40.917809	    187.737570	    187.737570	16763	    187.726579	    187.748558	0.0	      0.000000	398	5411	
000330	  0.006508	6088.955566	    190.084345	    190.084345	17778	    190.073354	    190.095333	0.0	      0.000000	410	1013419	
