# -------------------------- o --------------------------
# File ID: TIC81831095.bary.0000.h5 
# -------------------------- o --------------------------
# Source:TICObj 
# MJD: 59410.327924168676	RA: 3h11m13.59s	DEC: 61d45m44.59s
# DELTAT:   0.671089	DELTAF(Hz):   2.980232	max_drift_rate:   4.000000	obs_length: 899.929866
# --------------------------
# Top_Hit_# 	Drift_Rate 	SNR 	Uncorrected_Frequency 	Corrected_Frequency 	Index 	freq_start 	freq_end 	SEFD 	SEFD_freq 	Coarse_Channel_Number 	Full_number_of_hits 	
# --------------------------
000001	  0.002169	1213.037964	    110.091334	    110.091334	45872	    110.080342	    110.102322	0.0	      0.000000	0	44264	
000002	 -1.618420	 65.638275	    110.387342	    110.387342	14124	    110.376351	    110.398330	0.0	      0.000000	2	8158	
000003	 -3.837781	320.789978	    111.093887	    111.093887	54593	    111.082896	    111.104875	0.0	      0.000000	5	20598	
000004	  0.002169	 21.794497	    111.195945	    111.195945	23302	    111.184954	    111.206933	0.0	      0.000000	6	26	
000005	 -0.067253	 14.708096	    111.395933	    111.395933	24871	    111.384942	    111.406921	0.0	      0.000000	7	16	
000006	  0.002169	 31.123127	    112.192025	    112.192025	29851	    112.181034	    112.203013	0.0	      0.000000	11	30	
000007	  0.002169	 65.901772	    112.591191	    112.591191	32717	    112.580200	    112.602179	0.0	      0.000000	13	78	
000008	  0.002169	 13.555801	    113.490730	    113.490730	6872	    113.479738	    113.501718	0.0	      0.000000	18	24	
000009	  0.002169	 10.744936	    113.942265	    113.942265	27310	    113.931273	    113.953253	0.0	      0.000000	20	2	
000010	 -1.696521	168.422729	    114.691623	    114.691623	16609	    114.680632	    114.702611	0.0	      0.000000	24	21515	
000011	 -0.004339	 12.045288	    115.891253	    115.891253	25922	    115.880262	    115.902241	0.0	      0.000000	30	6	
000012	 -0.004339	 31.872366	    117.490887	    117.490887	38382	    117.479896	    117.501875	0.0	      0.000000	38	39	
000013	  0.503316	 15.136078	    117.740925	    117.740925	56745	    117.729934	    117.751913	0.0	      0.000000	39	4500	
000014	  0.004339	 45.935349	    117.790674	    117.790674	7902	    117.779683	    117.801662	0.0	      0.000000	40	8274	
000015	  0.108473	 71.252914	    118.190636	    118.190636	11035	    118.179645	    118.201624	0.0	      0.000000	42	10123	
000016	  0.004339	 15.690809	    118.390824	    118.390824	12671	    118.379833	    118.401813	0.0	      0.000000	43	2580511	
000017	  0.002169	72434.515625	    118.465798	    118.465798	37828	    118.454807	    118.476786	0.0	      0.000000	43	2580511	
000018	 -0.147524	3064.854248	    118.490895	    118.490895	46249	    118.479904	    118.501883	0.0	      0.000000	43	2580511	
000019	 -0.021695	250.239487	    118.541106	    118.541106	63097	    118.530114	    118.548371	0.0	      0.000000	43	2580511	
000020	 -0.379656	 55.863258	    118.599855	    118.599855	17274	    118.588864	    118.610843	0.0	      0.000000	44	16254	
000021	  0.156201	 39.323994	    118.615707	    118.615707	22593	    118.604716	    118.626695	0.0	      0.000000	44	16254	
000022	 -0.006508	 15.088122	    118.740844	    118.740844	64582	    118.729853	    118.743684	0.0	      0.000000	44	16254	
000023	 -0.015186	 68.138344	    118.790617	    118.790617	15747	    118.779625	    118.801605	0.0	      0.000000	45	116046	
000024	  0.006508	1084.948608	    118.840786	    118.840786	32581	    118.829795	    118.851774	0.0	      0.000000	45	116046	
000025	 -0.026034	810.637512	    118.945279	    118.945279	2107	    118.938999	    118.956267	0.0	      0.000000	46	147042	
000026	 -0.004339	 18.058229	    118.965759	    118.965759	8979	    118.954768	    118.976747	0.0	      0.000000	46	147042	
000027	 -0.229963	 72.968254	    118.990611	    118.990611	17318	    118.979620	    119.001599	0.0	      0.000000	46	147042	
000028	  0.071592	213.562424	    119.090756	    119.090756	50921	    119.079765	    119.101744	0.0	      0.000000	46	147042	
000029	 -0.036881	11266.541016	    119.140582	    119.140582	2104	    119.134312	    119.151570	0.0	      0.000000	47	548266	
000030	 -0.002169	103.799355	    119.165628	    119.165628	10508	    119.154637	    119.176616	0.0	      0.000000	47	548266	
000031	 -0.002169	 59.655842	    119.290741	    119.290741	52489	    119.279750	    119.301729	0.0	      0.000000	47	548266	
000032	 -0.010847	360.711243	    119.490816	    119.490816	54087	    119.479825	    119.501804	0.0	      0.000000	48	46966	
000033	  0.112812	847.290344	    119.599112	    119.599112	24889	    119.588121	    119.610100	0.0	      0.000000	49	253180	
000034	 -0.021695	1859.593384	    119.641041	    119.641041	38958	    119.630050	    119.652029	0.0	      0.000000	49	253180	
000035	  0.004339	 19.077747	    119.665762	    119.665762	47253	    119.654771	    119.676750	0.0	      0.000000	49	253180	
000036	  0.004339	 13.427042	    119.740747	    119.740747	6878	    119.729756	    119.751736	0.0	      0.000000	50	176708	
000037	 -0.073762	5346.316406	    119.890659	    119.890659	57180	    119.879668	    119.901647	0.0	      0.000000	50	176708	
000038	 -0.023864	 38.086094	    120.040535	    120.040535	41934	    120.029544	    120.051523	0.0	      0.000000	51	1498	
000039	 -0.004339	 28.773840	    120.090764	    120.090764	58788	    120.079773	    120.101752	0.0	      0.000000	51	1498	
000040	  0.156201	 59.682518	    120.290517	    120.290517	60278	    120.279526	    120.301505	0.0	      0.000000	52	18512	
000041	  0.004339	 31.680445	    120.465701	    120.465701	53524	    120.454710	    120.476689	0.0	      0.000000	53	82	
000042	 -0.004339	 81.803703	    120.515721	    120.515721	4772	    120.504730	    120.526709	0.0	      0.000000	54	8500	
000043	  0.002169	 42.490444	    120.565720	    120.565720	21549	    120.554729	    120.576709	0.0	      0.000000	54	8500	
000044	 -1.089071	6068.346191	    120.741152	    120.741152	14878	    120.730161	    120.752140	0.0	      0.000000	55	111463	
000045	 -0.154032	13720.981445	    121.023863	    121.023863	44204	    121.012871	    121.034851	0.0	      0.000000	56	164955	
000046	 -0.080270	6906.623047	    121.465464	    121.465464	61309	    121.454473	    121.476453	0.0	      0.000000	58	111464	
000047	 -0.067253	 54.911385	    121.660762	    121.660762	61304	    121.649771	    121.671750	0.0	      0.000000	59	12621	
000048	  0.054237	1574.531372	    122.165595	    122.165595	34090	    122.154604	    122.176584	0.0	      0.000000	62	72556	
000049	  0.021695	 24.201784	    122.590714	    122.590714	45664	    122.579723	    122.601702	0.0	      0.000000	64	941	
000050	 -0.238641	 17.561092	    122.724034	    122.724034	24863	    122.713043	    122.735023	0.0	      0.000000	65	5924	
000051	  0.028203	 44.314190	    122.740599	    122.740599	30421	    122.729607	    122.751587	0.0	      0.000000	65	5924	
000052	  0.004339	 23.457205	    122.956594	    122.956594	37361	    122.945603	    122.967582	0.0	      0.000000	66	118	
000053	 -0.004339	 20.256004	    122.973995	    122.973995	43200	    122.963004	    122.984984	0.0	      0.000000	66	118	
000054	  0.008678	5670.888184	    123.045271	    123.045271	1580	    123.040562	    123.056259	0.0	      0.000000	67	40939	
000055	  0.021695	48159.707031	    123.240562	    123.240562	1573	    123.235874	    123.251550	0.0	      0.000000	68	75103	
000056	 -0.158371	 13.369512	    123.440646	    123.440646	3174	    123.431187	    123.451634	0.0	      0.000000	69	75139	
000057	  0.045559	 16.078224	    123.590480	    123.590480	53450	    123.579489	    123.601468	0.0	      0.000000	69	75139	
000058	 -0.006508	4075.472168	    123.615514	    123.615514	61850	    123.604523	    123.626496	0.0	      0.000000	69	75139	
000059	  0.642161	 28.462238	    123.740416	    123.740416	38224	    123.729425	    123.751404	0.0	      0.000000	70	117737	
000060	  0.084609	17254.662109	    123.815384	    123.815384	63379	    123.804392	    123.821809	0.0	      0.000000	70	117737	
000061	 -0.004339	 71.178642	    123.890524	    123.890524	23056	    123.879533	    123.901512	0.0	      0.000000	71	41353	
000062	  0.086779	2009.303101	    124.010681	    124.010681	63374	    123.999690	    124.017121	0.0	      0.000000	71	41353	
000063	  0.002169	160.787430	    124.065485	    124.065485	16227	    124.054494	    124.076473	0.0	      0.000000	72	60258	
000064	 -0.002169	1311.927856	    124.165534	    124.165534	49798	    124.154543	    124.176522	0.0	      0.000000	72	60258	
000065	  0.010847	 10.732632	    124.240138	    124.240138	9295	    124.229147	    124.251126	0.0	      0.000000	73	1436009	
000066	  0.054237	1374.317871	    124.265774	    124.265774	17897	    124.254783	    124.276762	0.0	      0.000000	73	1436009	
000067	  0.002169	83956.976562	    124.290549	    124.290549	26210	    124.279558	    124.301537	0.0	      0.000000	73	1436009	
000068	 -0.069423	 15.926265	    124.407746	    124.407746	65535	    124.396755	    124.407746	0.0	      0.000000	73	1436009	
000069	  2.863692	3640.036133	    124.408855	    124.408855	371	    124.407749	    124.419843	0.0	      0.000000	74	7499366	
000070	 -2.026279	11019.792969	    124.433430	    124.433430	8617	    124.422439	    124.444418	0.0	      0.000000	74	7499366	
000071	  3.967949	1321.072388	    124.465932	    124.465932	19523	    124.454941	    124.476921	0.0	      0.000000	74	7499366	
000072	 -0.208269	469236.968750	    124.490281	    124.490281	27693	    124.479290	    124.501269	0.0	      0.000000	74	7499366	
000073	  0.065084	270.832367	    124.504550	    124.504550	32481	    124.493559	    124.515538	0.0	      0.000000	74	7499366	
000074	  3.998322	361.782379	    124.523362	    124.523362	38793	    124.512370	    124.534350	0.0	      0.000000	74	7499366	
000075	  1.208391	47636.230469	    124.547257	    124.547257	46811	    124.536266	    124.558245	0.0	      0.000000	74	7499366	
000076	 -3.935407	1107.642700	    124.571912	    124.571912	55084	    124.560921	    124.582901	0.0	      0.000000	74	7499366	
000077	 -3.965780	 76.098961	    124.594923	    124.594923	62805	    124.583932	    124.603059	0.0	      0.000000	74	7499366	
000078	 -0.275522	17589.072266	    124.640443	    124.640443	12543	    124.629452	    124.651431	0.0	      0.000000	75	1112848	
000079	  0.004339	291.760712	    124.665486	    124.665486	20946	    124.654495	    124.676474	0.0	      0.000000	75	1112848	
000080	 -0.741957	15057.593750	    124.765625	    124.765625	54547	    124.754634	    124.776613	0.0	      0.000000	75	1112848	
000081	 -0.071592	24845.630859	    124.940293	    124.940293	47620	    124.929302	    124.951281	0.0	      0.000000	76	1501184	
000082	 -0.538027	809.657959	    125.065627	    125.065627	24139	    125.054636	    125.076615	0.0	      0.000000	77	68564	
000083	  0.028203	 37.274479	    125.140380	    125.140380	49222	    125.129389	    125.151368	0.0	      0.000000	77	68564	
000084	  0.264675	 33.253677	    125.615205	    125.615205	11939	    125.604214	    125.626193	0.0	      0.000000	80	4528	
000085	  0.533688	201.370758	    125.939884	    125.939884	55347	    125.928893	    125.950872	0.0	      0.000000	81	31317	
000086	 -0.757143	 37.764011	    125.969898	    125.969898	65418	    125.958907	    125.970246	0.0	      0.000000	81	31317	
000087	  0.553213	6906.081055	    126.041703	    126.041703	23976	    126.030712	    126.052692	0.0	      0.000000	82	8879994	
000088	 -0.004339	107.846451	    126.066985	    126.066985	32459	    126.055994	    126.077973	0.0	      0.000000	82	8879994	
000089	 -0.227794	53313.023438	    126.140537	    126.140537	57139	    126.129546	    126.151525	0.0	      0.000000	82	8879994	
000090	 -0.566230	174.264618	    126.336079	    126.336079	57216	    126.325088	    126.347067	0.0	      0.000000	83	28111	
000091	 -0.015186	151.995682	    126.573776	    126.573776	5902	    126.562785	    126.584764	0.0	      0.000000	85	23386	
000092	 -0.475113	2699.348633	    126.873954	    126.873954	41089	    126.862963	    126.884942	0.0	      0.000000	86	137512	
000093	  0.004339	303.758575	    127.090328	    127.090328	48156	    127.079337	    127.101316	0.0	      0.000000	87	5866	
000094	  0.004339	 15.469529	    127.144991	    127.144991	962	    127.142124	    127.155979	0.0	      0.000000	88	21888	
000095	  0.824396	 38.653053	    127.164849	    127.164849	7625	    127.153858	    127.175837	0.0	      0.000000	88	21888	
000096	 -0.210438	133.016846	    127.190023	    127.190023	16072	    127.179032	    127.201011	0.0	      0.000000	88	21888	
000097	 -0.015186	 18.539101	    127.290430	    127.290430	49763	    127.279439	    127.301418	0.0	      0.000000	88	21888	
000098	  0.004339	 86.703758	    127.340292	    127.340292	958	    127.337437	    127.351280	0.0	      0.000000	89	682	
000099	 -0.006508	 26.966345	    127.615347	    127.615347	27715	    127.604355	    127.626335	0.0	      0.000000	90	6323	
000100	 -0.201760	 61.087540	    127.665364	    127.665364	44498	    127.654373	    127.676352	0.0	      0.000000	90	6323	
000101	  0.455587	 25.157095	    127.730369	    127.730369	774	    127.728062	    127.741357	0.0	      0.000000	91	5974451	
000102	  1.991568	38529.457031	    127.776458	    127.776458	16239	    127.765467	    127.787446	0.0	      0.000000	91	5974451	
000103	 -1.329881	18091.703125	    127.841218	    127.841218	37969	    127.830227	    127.852206	0.0	      0.000000	91	5974451	
000104	 -3.900696	16041.600586	    127.905472	    127.905472	59529	    127.894481	    127.916460	0.0	      0.000000	91	5974451	
000105	 -3.954932	16041.600586	    127.905508	    127.905508	59541	    127.894517	    127.916496	0.0	      0.000000	91	5974451	
000106	  0.446910	12072.151367	    127.956649	    127.956649	11165	    127.945658	    127.967637	0.0	      0.000000	92	89329	
000107	  0.002169	785.382446	    128.090303	    128.090303	56012	    128.079312	    128.101291	0.0	      0.000000	92	89329	
000108	 -0.054237	237582.531250	    128.139966	    128.139966	7140	    128.128975	    128.150954	0.0	      0.000000	93	1036427	
000109	 -0.054237	3489.566162	    128.265302	    128.265302	49196	    128.254311	    128.276290	0.0	      0.000000	93	1036427	
000110	  0.123659	2123.265625	    128.306784	    128.306784	63115	    128.295793	    128.313996	0.0	      0.000000	93	1036427	
000111	 -0.052067	206.502838	    128.502118	    128.502118	63122	    128.491126	    128.509309	0.0	      0.000000	94	10246	
000112	 -0.017356	1219.261719	    128.540241	    128.540241	10378	    128.529250	    128.551229	0.0	      0.000000	95	67730	
000113	 -0.002169	 61.315529	    129.365235	    129.365235	25056	    129.354243	    129.376223	0.0	      0.000000	99	175	
000114	  0.002169	1062.331787	    129.565190	    129.565190	26614	    129.554199	    129.576178	0.0	      0.000000	100	268218	
000115	 -1.486083	 11.207442	    129.916506	    129.916506	13424	    129.905515	    129.927494	0.0	      0.000000	102	1017	
000116	 -0.002169	 12.377238	    130.090188	    130.090188	6166	    130.079197	    130.101176	0.0	      0.000000	103	4	
000117	  0.336267	 13.324753	    130.715208	    130.715208	19280	    130.704217	    130.726196	0.0	      0.000000	106	44886	
000118	 -0.141015	403.722382	    130.765234	    130.765234	36066	    130.754243	    130.776223	0.0	      0.000000	106	44886	
000119	 -0.004339	4468.865723	    131.365113	    131.365113	40744	    131.354122	    131.376102	0.0	      0.000000	109	311606	
000120	 -0.065084	5857.491211	    131.540125	    131.540125	33932	    131.529134	    131.551113	0.0	      0.000000	110	157601	
000121	 -0.091117	 72.849274	    131.815015	    131.815015	60634	    131.804024	    131.826003	0.0	      0.000000	111	21976	
000122	 -0.021695	 11.400174	    132.173299	    132.173299	49782	    132.162308	    132.184287	0.0	      0.000000	113	62	
000123	 -0.002169	 49.086704	    132.539984	    132.539984	41749	    132.528992	    132.550972	0.0	      0.000000	115	1753	
000124	 -0.021695	 13.911762	    132.739626	    132.739626	43202	    132.728635	    132.750614	0.0	      0.000000	116	14	
000125	  0.088948	25687.121094	    132.864689	    132.864689	19630	    132.853698	    132.875677	0.0	      0.000000	117	205635	
000126	 -0.214777	558.114380	    132.956337	    132.956337	50382	    132.945346	    132.967325	0.0	      0.000000	117	205635	
000127	  0.082440	415.853668	    133.123221	    133.123221	40843	    133.112230	    133.134209	0.0	      0.000000	118	20007	
000128	 -0.132337	2127.192871	    133.240168	    133.240168	14548	    133.229177	    133.251156	0.0	      0.000000	119	142579	
000129	 -0.516332	 16.723351	    133.306821	    133.306821	36913	    133.295830	    133.317809	0.0	      0.000000	119	142579	
000130	  0.164879	2482.667725	    133.348431	    133.348431	50875	    133.337440	    133.359419	0.0	      0.000000	119	142579	
000131	 -0.073762	256.745941	    133.594730	    133.594730	2447	    133.587437	    133.605718	0.0	      0.000000	121	31091	
000132	 -0.073762	7578.996582	    133.790030	    133.790030	2443	    133.782749	    133.801018	0.0	      0.000000	122	526380	
000133	 -0.002169	111.194130	    133.848359	    133.848359	22015	    133.837368	    133.859347	0.0	      0.000000	122	526380	
000134	  0.002169	2655.506104	    133.889966	    133.889966	35976	    133.878975	    133.900954	0.0	      0.000000	122	526380	
000135	 -0.002169	 26.676947	    133.989843	    133.989843	3953	    133.978852	    134.000831	0.0	      0.000000	123	71020	
000136	 -0.028203	1107.824463	    134.039794	    134.039794	20714	    134.028803	    134.050783	0.0	      0.000000	123	71020	
000137	 -0.002169	141.701370	    134.139826	    134.139826	54279	    134.128835	    134.150814	0.0	      0.000000	123	71020	
000138	  0.010847	4877.232422	    134.314730	    134.314730	47431	    134.303739	    134.325718	0.0	      0.000000	124	50107	
000139	 -0.600941	 17.246151	    134.340267	    134.340267	56000	    134.329276	    134.351255	0.0	      0.000000	124	50107	
000140	 -0.013017	8222.322266	    134.439992	    134.439992	23926	    134.429001	    134.450980	0.0	      0.000000	125	188527	
000141	 -0.574908	 25.526697	    134.539842	    134.539842	57430	    134.528851	    134.550830	0.0	      0.000000	125	188527	
000142	  0.004339	 49.719082	    134.764873	    134.764873	1866	    134.759312	    134.775861	0.0	      0.000000	127	48775	
000143	 -0.026034	324.828918	    134.790020	    134.790020	10304	    134.779029	    134.801008	0.0	      0.000000	127	48775	
000144	 -0.043389	1061.188477	    135.014944	    135.014944	20240	    135.003953	    135.025932	0.0	      0.000000	128	371929	
000145	 -0.718092	10711.162109	    135.065108	    135.065108	37072	    135.054116	    135.076096	0.0	      0.000000	128	371929	
000146	  0.015186	 57.225105	    135.139980	    135.139980	62195	    135.128989	    135.149934	0.0	      0.000000	128	371929	
000147	  0.002169	909.237976	    135.381513	    135.381513	12168	    135.370522	    135.392501	0.0	      0.000000	130	100507	
000148	  0.208269	 43.967449	    135.581045	    135.581045	13584	    135.570054	    135.592033	0.0	      0.000000	131	23327	
000149	  0.056406	246.194290	    135.597973	    135.597973	19264	    135.586982	    135.608961	0.0	      0.000000	131	23327	
000150	  0.004339	 12.236933	    135.656505	    135.656505	38904	    135.645514	    135.667493	0.0	      0.000000	131	23327	
000151	 -0.104134	9516.490234	    135.889926	    135.889926	51691	    135.878934	    135.900914	0.0	      0.000000	132	127295	
000152	 -0.362300	15670.424805	    136.072974	    136.072974	47576	    136.061983	    136.083963	0.0	      0.000000	133	131192	
000153	 -0.019525	 60.455830	    136.140092	    136.140092	4561	    136.129101	    136.151080	0.0	      0.000000	134	6666	
000154	  0.002169	 14.412496	    136.264651	    136.264651	46356	    136.253660	    136.275639	0.0	      0.000000	134	6666	
000155	  1.431846	 24.967421	    136.363917	    136.363917	14128	    136.352925	    136.374905	0.0	      0.000000	135	14948	
000156	  0.060745	 92.588501	    136.489787	    136.489787	56363	    136.478796	    136.500775	0.0	      0.000000	135	14948	
000157	  0.045559	 27.733740	    136.556568	    136.556568	13235	    136.545577	    136.567556	0.0	      0.000000	136	383230	
000158	  0.010847	15864.811523	    136.573078	    136.573078	18775	    136.562087	    136.584066	0.0	      0.000000	136	383230	
000159	 -0.442571	420.561035	    136.639987	    136.639987	41226	    136.628996	    136.650976	0.0	      0.000000	136	383230	
000160	  0.722431	 63.866886	    136.864834	    136.864834	51136	    136.853843	    136.875822	0.0	      0.000000	137	11148846	
000161	 -0.867785	 19.683681	    137.067150	    137.067150	53486	    137.056159	    137.078138	0.0	      0.000000	138	487041	
000162	 -2.828981	591.618958	    137.197276	    137.197276	31613	    137.186285	    137.208264	0.0	      0.000000	139	7480664	
000163	 -3.737986	 86.109375	    137.553557	    137.553557	20089	    137.542566	    137.564545	0.0	      0.000000	141	6582568	
000164	 -0.002169	 14.209550	    137.589758	    137.589758	32236	    137.578767	    137.600746	0.0	      0.000000	141	6582568	
000165	 -3.425583	 31.809349	    137.805762	    137.805762	39179	    137.794771	    137.816750	0.0	      0.000000	142	11563839	
000166	 -3.996152	 32.626266	    137.828298	    137.828298	46741	    137.817307	    137.839287	0.0	      0.000000	142	11563839	
000167	 -2.969996	 54.754318	    137.864750	    137.864750	58972	    137.853759	    137.875738	0.0	      0.000000	142	11563839	
000168	 -0.125829	 71.334435	    138.364639	    138.364639	30099	    138.353648	    138.375627	0.0	      0.000000	145	14567	
000169	 -0.086779	 54.752029	    139.239662	    139.239662	61564	    139.228671	    139.250650	0.0	      0.000000	149	9771	
000170	  0.002169	 26.513918	    139.680635	    139.680635	12922	    139.669644	    139.691623	0.0	      0.000000	152	131	
000171	  0.002169	 25.728182	    139.698034	    139.698034	18760	    139.687042	    139.709022	0.0	      0.000000	152	131	
000172	  0.004339	 11.616923	    140.089612	    140.089612	19080	    140.078621	    140.100600	0.0	      0.000000	154	1	
000173	 -0.002169	 31.902386	    143.839397	    143.839397	32115	    143.828406	    143.850385	0.0	      0.000000	173	18	
000174	  0.097626	 96.585678	    143.990060	    143.990060	17133	    143.979069	    144.001048	0.0	      0.000000	174	8293	
000175	  0.004339	2817.537354	    144.495376	    144.495376	55617	    144.484385	    144.506364	0.0	      0.000000	176	515432	
000176	  0.002169	1183.046509	    144.569357	    144.569357	14905	    144.558366	    144.580345	0.0	      0.000000	177	113944	
000177	  2.325665	1080.905518	    144.587775	    144.587775	21085	    144.576784	    144.598763	0.0	      0.000000	177	113944	
000178	 -0.017356	 68.890915	    144.889333	    144.889333	56735	    144.878342	    144.900321	0.0	      0.000000	178	33254	
000179	  0.004339	 15.797533	    145.314022	    145.314022	2629	    145.306187	    145.325010	0.0	      0.000000	181	947	
000180	  0.034711	 47.877243	    145.676874	    145.676874	58846	    145.665883	    145.687862	0.0	      0.000000	182	6584512	
000181	  0.199591	 25.587082	    145.701851	    145.701851	1691	    145.696812	    145.712840	0.0	      0.000000	183	705573	
000182	 -0.021695	397.658875	    145.739593	    145.739593	14355	    145.728602	    145.750581	0.0	      0.000000	183	705573	
000183	  0.292878	212.475922	    145.763891	    145.763891	22508	    145.752900	    145.774879	0.0	      0.000000	183	705573	
000184	 -0.360131	 56.884636	    145.839595	    145.839595	47910	    145.828604	    145.850583	0.0	      0.000000	183	705573	
000185	  0.006508	 12.243371	    146.551176	    146.551176	24533	    146.540185	    146.562164	0.0	      0.000000	187	33	
000186	 -0.002169	 10.879523	    146.964218	    146.964218	32055	    146.953227	    146.975206	0.0	      0.000000	189	2	
000187	  2.685796	6642.915527	    147.987326	    147.987326	47673	    147.976335	    147.998314	0.0	      0.000000	194	173012	
000188	  0.002169	 10.942010	    148.147913	    148.147913	36021	    148.136922	    148.158901	0.0	      0.000000	195	3	
000189	  0.004339	351.330414	    148.304685	    148.304685	23089	    148.293694	    148.315673	0.0	      0.000000	196	827304	
000190	 -0.008678	 33.994434	    148.376592	    148.376592	47217	    148.365601	    148.387580	0.0	      0.000000	196	827304	
000191	  0.002169	 51.369526	    148.439207	    148.439207	2691	    148.431187	    148.450195	0.0	      0.000000	197	88702	
000192	  0.004339	 29.339857	    148.451995	    148.451995	6982	    148.441004	    148.462983	0.0	      0.000000	197	88702	
000193	  0.004339	 54.182552	    148.605140	    148.605140	58369	    148.594149	    148.616128	0.0	      0.000000	197	88702	
000194	 -0.002169	 62.407951	    149.097483	    149.097483	26964	    149.086492	    149.108471	0.0	      0.000000	200	68282	
000195	  0.101965	 10.485861	    149.189295	    149.189295	57771	    149.178304	    149.200283	0.0	      0.000000	200	68282	
000196	 -0.004339	169.873245	    149.479847	    149.479847	24192	    149.468856	    149.490835	0.0	      0.000000	202	26429	
000197	 -0.004339	708.253235	    150.089042	    150.089042	31996	    150.078051	    150.100031	0.0	      0.000000	205	36818	
000198	 -3.889848	 19.196972	    150.103577	    150.103577	36873	    150.092586	    150.114565	0.0	      0.000000	205	36818	
000199	  1.371101	 90.164558	    150.538092	    150.538092	51600	    150.527101	    150.549080	0.0	      0.000000	207	126132	
000200	  1.199713	 20.466082	    150.888198	    150.888198	38004	    150.877207	    150.899186	0.0	      0.000000	209	3800	
000201	 -0.099795	211.920151	    151.063984	    151.063984	31452	    151.052993	    151.074972	0.0	      0.000000	210	61388	
000202	  0.581416	 11.373119	    151.139232	    151.139232	56701	    151.128240	    151.150220	0.0	      0.000000	210	61388	
000203	  0.689889	1029.963745	    151.289340	    151.289340	41533	    151.278349	    151.300328	0.0	      0.000000	211	51589	
000204	 -0.002169	 26.907299	    155.838462	    155.838462	60637	    155.827471	    155.849450	0.0	      0.000000	234	896	
000205	  0.349284	 54.948444	    155.887808	    155.887808	11659	    155.876817	    155.898797	0.0	      0.000000	235	18403	
000206	  0.004339	 83.983582	    156.338679	    156.338679	31874	    156.327688	    156.349667	0.0	      0.000000	237	222319	
000207	  0.004339	4062.581299	    156.387209	    156.387209	48158	    156.376218	    156.398197	0.0	      0.000000	237	222319	
000208	  0.002169	 43.391724	    156.488537	    156.488537	16622	    156.477546	    156.499525	0.0	      0.000000	238	80335	
000209	 -0.041220	381.568359	    156.513225	    156.513225	24906	    156.502234	    156.524213	0.0	      0.000000	238	80335	
000210	 -0.214777	 27.899002	    156.588783	    156.588783	50259	    156.577792	    156.599771	0.0	      0.000000	238	80335	
000211	  0.013017	 41.955006	    156.638273	    156.638273	1329	    156.634312	    156.649261	0.0	      0.000000	239	1979805	
000212	 -1.204052	312.108154	    156.664564	    156.664564	10151	    156.653573	    156.675552	0.0	      0.000000	239	1979805	
000213	 -0.073762	 23.213217	    156.688427	    156.688427	18158	    156.677436	    156.699415	0.0	      0.000000	239	1979805	
000214	 -0.275522	 60.844341	    156.712948	    156.712948	26386	    156.701957	    156.723936	0.0	      0.000000	239	1979805	
000215	  0.002169	134636.703125	    156.738367	    156.738367	34915	    156.727376	    156.749355	0.0	      0.000000	239	1979805	
000216	 -0.004339	 46.550003	    156.763565	    156.763565	43370	    156.752573	    156.774553	0.0	      0.000000	239	1979805	
000217	 -0.015186	549.864807	    156.813308	    156.813308	60061	    156.802317	    156.824296	0.0	      0.000000	239	1979805	
000218	  0.004339	30749.154297	    156.888630	    156.888630	19799	    156.877639	    156.899618	0.0	      0.000000	240	963909	
000219	  0.004339	6403.534180	    157.954695	    157.954695	49831	    157.943704	    157.965683	0.0	      0.000000	245	12128898	
000220	  0.002169	404.454712	    160.088464	    160.088464	44909	    160.077473	    160.099452	0.0	      0.000000	256	7184	
000221	  0.004339	 20.527376	    161.013429	    161.013429	27596	    161.002438	    161.024417	0.0	      0.000000	261	11	
000222	  0.006508	10822.556641	    161.326378	    161.326378	1532	    161.321812	    161.337366	0.0	      0.000000	263	6266050	
000223	  0.004339	16248.875977	    161.530079	    161.530079	4347	    161.519088	    161.541068	0.0	      0.000000	264	13406534	
000224	  0.004339	 12.595110	    161.638354	    161.638354	40678	    161.627363	    161.649342	0.0	      0.000000	264	13406534	
000225	 -0.002169	 10.275339	    161.660515	    161.660515	48114	    161.649524	    161.671503	0.0	      0.000000	264	13406534	
000226	  0.264675	 17.343103	    161.713096	    161.713096	221	    161.712437	    161.724084	0.0	      0.000000	265	6121	
000227	  0.004339	 14.143621	    161.838429	    161.838429	42276	    161.827438	    161.849417	0.0	      0.000000	265	6121	
000228	 -0.002169	168.119659	    161.888384	    161.888384	59038	    161.877393	    161.899372	0.0	      0.000000	265	6121	
000229	  0.002169	 52.865921	    162.038364	    162.038364	43827	    162.027373	    162.049352	0.0	      0.000000	266	6245162	
000230	 -0.034711	 53.875912	    162.063166	    162.063166	52149	    162.052174	    162.074154	0.0	      0.000000	266	6245162	
000231	 -0.054237	 62.560246	    162.113141	    162.113141	3382	    162.103062	    162.124129	0.0	      0.000000	267	6649655	
000232	 -0.002169	 95.482750	    162.588321	    162.588321	31754	    162.577330	    162.599309	0.0	      0.000000	269	260	
000233	 -0.130168	 90.501724	    164.712947	    164.712947	23764	    164.701956	    164.723935	0.0	      0.000000	280	11878	
000234	 -0.004339	 19.502773	    165.106364	    165.106364	24701	    165.095373	    165.117352	0.0	      0.000000	282	12	
000235	 -0.004339	 11.736664	    165.513115	    165.513115	30112	    165.502124	    165.524103	0.0	      0.000000	284	10	
000236	 -0.002169	 11.914763	    165.713142	    165.713142	31694	    165.702151	    165.724130	0.0	      0.000000	285	2	
000237	 -0.015186	 87.229538	    165.912863	    165.912863	33173	    165.901872	    165.923851	0.0	      0.000000	286	8288	
000238	 -0.004339	287.335907	    166.237923	    166.237923	11173	    166.226931	    166.248911	0.0	      0.000000	288	3063565	
000239	  0.013017	 23.740536	    166.255238	    166.255238	16983	    166.244247	    166.266226	0.0	      0.000000	288	3063565	
000240	 -0.004339	 77.271996	    166.350832	    166.350832	49059	    166.339840	    166.361820	0.0	      0.000000	288	3063565	
000241	  0.004339	 15.007913	    166.375329	    166.375329	57279	    166.364338	    166.386317	0.0	      0.000000	288	3063565	
000242	  0.002169	 34.941696	    166.754748	    166.754748	53519	    166.743757	    166.765737	0.0	      0.000000	290	43	
000243	 -0.008678	210.609833	    167.125361	    167.125361	46804	    167.114370	    167.136349	0.0	      0.000000	292	59152	
000244	 -0.017356	 70.867416	    167.388244	    167.388244	3941	    167.377253	    167.399233	0.0	      0.000000	294	12636	
000245	 -0.004339	128.333344	    167.999094	    167.999094	12300	    167.988103	    168.010082	0.0	      0.000000	297	4871519	
000246	 -0.002169	 81.212234	    168.155034	    168.155034	64625	    168.144043	    168.157746	0.0	      0.000000	297	4871519	
000247	 -0.002169	112.757645	    168.350335	    168.350335	64621	    168.339344	    168.353059	0.0	      0.000000	298	105	
000248	  1.466557	 12.216319	    168.696262	    168.696262	49623	    168.685271	    168.707251	0.0	      0.000000	300	1745	
000249	 -0.002169	 75.788605	    168.837964	    168.837964	31634	    168.826972	    168.848952	0.0	      0.000000	301	213	
000250	  0.509824	590.014038	    169.178565	    169.178565	14849	    169.167574	    169.189553	0.0	      0.000000	303	2707772	
000251	  3.954932	 53.258278	    169.835298	    169.835298	38604	    169.824307	    169.846286	0.0	      0.000000	306	15722019	
000252	  0.004339	34036.875000	    169.891499	    169.891499	57462	    169.880508	    169.902488	0.0	      0.000000	306	15722019	
000253	  0.002169	3413.318359	    170.087891	    170.087891	57824	    170.076900	    170.098879	0.0	      0.000000	307	1241805	
000254	  3.358330	 31.277536	    170.351203	    170.351203	15105	    170.340212	    170.362191	0.0	      0.000000	309	42730	
000255	  0.084609	 13.329191	    170.725368	    170.725368	9582	    170.714377	    170.736357	0.0	      0.000000	311	55	
000256	  0.008678	 56.029835	    171.491589	    171.491589	4539	    171.480598	    171.502577	0.0	      0.000000	315	41481	
000257	  0.006508	 80.650177	    171.687793	    171.687793	4838	    171.676802	    171.698781	0.0	      0.000000	316	4462	
000258	  0.002169	 17.942846	    171.862539	    171.862539	63473	    171.851548	    171.868684	0.0	      0.000000	316	4462	
000259	 -0.498977	 29.846384	    172.319268	    172.319268	20118	    172.308277	    172.330256	0.0	      0.000000	319	8089	
000260	  0.002169	223.673019	    172.718920	    172.718920	23147	    172.707929	    172.729908	0.0	      0.000000	321	49865	
000261	  0.004339	8451.102539	    173.156213	    173.156213	38806	    173.145222	    173.167201	0.0	      0.000000	323	1948967	
000262	 -0.119321	6519.048828	    173.187419	    173.187419	49277	    173.176428	    173.198407	0.0	      0.000000	323	1948967	
000263	 -1.238764	 22.138058	    173.287215	    173.287215	17227	    173.276224	    173.298203	0.0	      0.000000	324	1475	
000264	  0.008678	 11.928684	    173.887726	    173.887726	22117	    173.876735	    173.898714	0.0	      0.000000	327	62	
000265	  0.002169	 12.283193	    175.087603	    175.087603	31513	    175.076612	    175.098591	0.0	      0.000000	333	4	
000266	  0.004339	 10.079683	    177.033355	    177.033355	29039	    177.022364	    177.044343	0.0	      0.000000	343	1	
000267	  2.021940	 10.498529	    178.088265	    178.088265	55328	    178.077274	    178.099253	0.0	      0.000000	348	20	
000268	 -3.935407	465.204895	    178.240107	    178.240107	40742	    178.229116	    178.251096	0.0	      0.000000	349	40802	
000269	  0.004339	106.729935	    180.087315	    180.087315	5202	    180.076324	    180.098303	0.0	      0.000000	359	1455	
000270	  0.017356	 12.971271	    180.104857	    180.104857	11088	    180.093866	    180.115845	0.0	      0.000000	359	1455	
000271	  0.004339	 13.809410	    180.719515	    180.719515	20725	    180.708524	    180.730503	0.0	      0.000000	362	2	
000272	 -0.004339	 53.072655	    181.239827	    181.239827	64241	    181.228836	    181.243684	0.0	      0.000000	364	1659211	
000273	 -3.393041	 24.071693	    183.339437	    183.339437	47857	    183.328446	    183.350425	0.0	      0.000000	375	2994	
000274	 -0.004339	4813.793457	    184.559767	    184.559767	64116	    184.548776	    184.563996	0.0	      0.000000	381	2627129	
000275	  0.010847	 62.020256	    187.586885	    187.586885	31272	    187.575894	    187.597873	0.0	      0.000000	397	147	
000276	  0.004339	 10.213301	    188.091837	    188.091837	4098	    188.080846	    188.102825	0.0	      0.000000	400	2	
000277	  0.004339	9605.849609	    190.086742	    190.086742	18117	    190.075751	    190.097730	0.0	      0.000000	410	1373864	
