# 59277.0 52229.0000003 0.5384688219 1107 190.210 43.498 821 3 1 B2217+47
1 -2788.777344
2 -2687.651855
3 -2759.778076
4 -2748.514893
5 -2833.665771
6 -2756.261719
7 -2720.256104
8 -2713.517578
9 -2787.015381
10 -2708.607178
11 -2766.562256
12 -2726.221924
13 -2737.680908
14 -2849.268066
15 -2712.623535
16 -2727.351562
17 -2800.633545
18 -2764.699707
19 -2775.471191
20 -2752.542236
21 -2791.721436
22 -2748.159668
23 -2785.908936
24 -2752.021729
25 -2783.148682
26 -2716.481445
27 -2766.760010
28 -2773.216309
29 -2737.468994
30 -2818.487793
31 -2755.261475
32 -2742.948486
33 -2732.291260
34 -2768.571289
35 -2711.185791
36 -2719.887207
37 -2779.780029
38 -2765.468994
39 -2767.301514
40 -2773.751221
41 -2714.562256
42 -2720.000977
43 -2721.020752
44 -2766.461670
45 -2711.786133
46 -2802.704590
47 -2797.278809
48 -2806.325439
49 -2774.617676
50 -2745.494629
51 -2751.627930
52 -2753.173096
53 -2687.051514
54 -2792.964844
55 -2802.552246
56 -2729.843262
57 -2749.294922
58 -2763.924316
59 -2753.624023
60 -2757.443604
61 -2833.391357
62 -2746.206543
63 -2723.102783
64 -2786.985596
65 -2700.267090
66 -2774.851318
67 -2764.932373
68 -2810.941406
69 -2733.254395
70 -2802.728271
71 -2774.998291
72 -2718.398438
73 -2736.084717
74 -2721.546387
75 -2785.770752
76 -2674.744873
77 -2814.312500
78 -2717.806885
79 -2825.528320
80 -2783.410400
81 -2744.832031
82 -2758.261230
83 -2765.003662
84 -2744.387451
85 -2659.802490
86 -2718.996338
87 -2711.076660
88 -2753.587891
89 -2678.256104
90 -2732.417480
91 -2772.745605
92 -2760.400391
93 -2741.679932
94 -2751.090088
95 -2752.282227
96 -2819.309570
97 -2684.719482
98 -2782.653809
99 -2761.509521
100 -2803.028809
101 -2771.976562
102 -2809.782715
103 -2768.945068
104 -2774.021729
105 -2814.669922
106 -2752.134521
107 -2788.874756
108 -2803.107422
109 -2710.425537
110 -2769.620605
111 -2756.741943
112 -2709.955811
113 -2790.009033
114 -2812.441406
115 -2756.580078
116 -2731.469727
117 -2753.038818
118 -2765.250732
119 -2775.238281
120 -2718.017090
121 -2810.119141
122 -2723.731934
123 -2698.916260
124 -2721.773682
125 -2675.356201
126 -2735.526611
127 -2698.755371
128 -2798.443604
129 -2799.420166
130 -2726.237061
131 -2738.547363
132 -2717.169678
133 -2750.434570
134 -2787.169434
135 -2836.208252
136 -2760.191162
137 -2713.782471
138 -2673.109131
139 -2750.948486
140 -2768.460693
141 -2702.250488
142 -2796.147949
143 -2788.574463
144 -2762.866455
145 -2755.369629
146 -2727.152344
147 -2752.834717
148 -2793.946777
149 -2790.164062
150 -2773.663330
151 -2786.902588
152 -2786.443604
153 -2706.197754
154 -2744.016113
155 -2703.379150
156 -2757.955811
157 -2803.954834
158 -2791.452148
159 -2700.325439
160 -2736.859375
161 -2779.701416
162 -2753.118164
163 -2784.107422
164 -2746.423828
165 -2762.580811
166 -2685.748535
167 -2755.858398
168 -2804.995605
169 -2810.115479
170 -2764.886230
171 -2752.453857
172 -2799.010010
173 -2729.098389
174 -2780.081299
175 -2742.299805
176 -2830.361084
177 -2727.586914
178 -2710.393799
179 -2765.095703
180 -2755.789551
181 -2794.770752
182 -2719.889160
183 -2772.603516
184 -2783.929688
185 -2754.156250
186 -2719.133789
187 -2775.118164
188 -2744.862793
189 -2723.455322
190 -2739.640869
191 -2699.172607
192 -2781.611328
193 -2753.079346
194 -2739.676025
195 -2732.326660
196 -2731.930420
197 -2798.208496
198 -2763.529785
199 -2754.579346
200 -2774.682373
201 -2735.861816
202 -2741.721191
203 -2763.713867
204 -2814.296143
205 -2741.163330
206 -2745.270996
207 -2765.677734
208 -2770.087646
209 -2783.916016
210 -2783.505371
211 -2722.466064
212 -2873.986572
213 -2765.575195
214 -2801.900635
215 -2796.013428
216 -2762.728027
217 -2766.774414
218 -2680.671875
219 -2701.973877
220 -2781.448242
221 -2707.897949
222 -2784.528564
223 -2741.054932
224 -2730.666016
225 -2704.739258
226 -2793.447754
227 -2789.197754
228 -2726.585693
229 -2709.708496
230 -2723.110107
231 -2769.219238
232 -2792.653076
233 -2751.044189
234 -2714.712158
235 -2775.616455
236 -2774.975586
237 -2710.030762
238 -2744.846680
239 -2798.388184
240 -2762.456787
241 -2747.496338
242 -2759.371338
243 -2796.218506
244 -2737.051514
245 -2726.061279
246 -2780.943115
247 -2799.164307
248 -2752.806885
249 -2742.107422
250 -2768.926758
251 -2818.281250
252 -2731.055176
253 -2747.407959
254 -2784.874512
255 -2757.393799
256 -2816.038818
257 -2771.448486
258 -2723.069580
259 -2758.171387
260 -2723.298096
261 -2762.944092
262 -2785.306885
263 -2681.594482
264 -2747.189453
265 -2725.736572
266 -2798.042480
267 -2794.302246
268 -2707.272705
269 -2757.102783
270 -2716.805176
271 -2760.888184
272 -2734.422363
273 -2734.494141
274 -2772.988281
275 -2797.003662
276 -2722.007324
277 -2711.338135
278 -2751.420166
279 -2807.121826
280 -2757.106689
281 -2799.300537
282 -2743.161377
283 -2792.487793
284 -2748.976562
285 -2744.946777
286 -2797.108398
287 -2761.138916
288 -2740.417236
289 -2780.820312
290 -2802.223877
291 -2723.572754
292 -2720.610352
293 -2775.115479
294 -2727.167236
295 -2719.241943
296 -2715.910645
297 -2710.299316
298 -2731.960205
299 -2715.727295
300 -2750.011719
301 -2718.390869
302 -2716.511719
303 -2685.234619
304 -2722.166016
305 -2707.212158
306 -2731.255371
307 -2669.273438
308 -2650.991943
309 -2583.805908
310 -2669.229248
311 -2576.802246
312 -2570.436035
313 -2617.374268
314 -2566.181641
315 -2577.119141
316 -2594.086670
317 -2591.789795
318 -2536.148682
319 -2527.877930
320 -2549.449463
321 -2561.264404
322 -2531.512207
323 -2478.872070
324 -2471.726318
325 -2507.715820
326 -2467.700439
327 -2464.602539
328 -2405.568115
329 -2411.933105
330 -2383.492676
331 -2479.668701
332 -2444.197754
333 -2451.375977
334 -2389.019775
335 -2369.057861
336 -2285.017090
337 -2373.937744
338 -2440.450439
339 -2406.898926
340 -2394.060547
341 -2417.510742
342 -2364.547363
343 -2400.271729
344 -2415.160645
345 -2313.961182
346 -2272.325928
347 -2186.973877
348 -2130.706787
349 -2050.023438
350 -1970.012695
351 -1838.945801
352 -1661.020752
353 -1408.232910
354 -1233.424683
355 -955.500427
356 -683.287903
357 -423.859192
358 -235.862686
359 65.313797
360 313.046967
361 618.987366
362 852.714783
363 1116.765137
364 1350.718384
365 1566.109253
366 1725.200317
367 2002.718384
368 2125.515869
369 2281.304199
370 2426.730957
371 2548.161621
372 2614.852051
373 2678.397461
374 2642.206787
375 2633.898926
376 2571.593018
377 2544.257324
378 2311.171631
379 2187.952148
380 1935.891724
381 1731.814087
382 1520.404297
383 1218.406494
384 991.607422
385 670.506775
386 473.095764
387 174.705139
388 -93.260162
389 -280.176910
390 -544.079407
391 -766.179749
392 -897.616760
393 -1141.253662
394 -1334.832886
395 -1437.206665
396 -1575.037964
397 -1731.900757
398 -1852.733765
399 -1980.528442
400 -2137.873535
401 -2257.448486
402 -2322.393555
403 -2371.442139
404 -2428.486084
405 -2434.949463
406 -2464.805908
407 -2517.010742
408 -2600.117432
409 -2575.197754
410 -2607.897217
411 -2604.882568
412 -2665.126465
413 -2563.429199
414 -2647.420898
415 -2671.270752
416 -2693.897949
417 -2667.588379
418 -2653.295654
419 -2724.440918
420 -2658.019775
421 -2703.575928
422 -2656.134521
423 -2666.143311
424 -2664.511230
425 -2685.022461
426 -2723.165283
427 -2685.807617
428 -2677.824951
429 -2733.497314
430 -2628.122070
431 -2687.743652
432 -2716.719971
433 -2681.916992
434 -2699.831299
435 -2681.181641
436 -2731.776123
437 -2695.090332
438 -2714.827637
439 -2726.919678
440 -2677.493652
441 -2713.953857
442 -2652.370117
443 -2691.673340
444 -2707.092041
445 -2631.326660
446 -2670.059570
447 -2691.426270
448 -2685.445801
449 -2708.484131
450 -2714.375732
451 -2636.050537
452 -2636.739014
453 -2690.172363
454 -2679.136963
455 -2596.545654
456 -2640.308594
457 -2672.478271
458 -2672.113037
459 -2648.137939
460 -2698.340576
461 -2725.415283
462 -2725.255371
463 -2663.661133
464 -2714.536621
465 -2728.250977
466 -2650.032471
467 -2670.987305
468 -2717.283691
469 -2703.111816
470 -2710.243652
471 -2712.731934
472 -2776.153320
473 -2683.620605
474 -2710.952148
475 -2771.593750
476 -2698.427734
477 -2741.678711
478 -2719.827393
479 -2751.128174
480 -2746.089355
481 -2712.546143
482 -2722.531494
483 -2795.625977
484 -2699.198486
485 -2736.427490
486 -2687.811279
487 -2741.309570
488 -2723.089355
489 -2713.434082
490 -2737.143311
491 -2757.967529
492 -2708.657959
493 -2732.996338
494 -2690.757812
495 -2765.538330
496 -2734.697266
497 -2732.343506
498 -2765.005371
499 -2712.638672
500 -2765.736572
501 -2769.175049
502 -2747.182373
503 -2767.921387
504 -2784.473389
505 -2738.186035
506 -2709.214844
507 -2742.135498
508 -2760.692139
509 -2780.040771
510 -2704.624512
511 -2774.143555
512 -2725.416992
513 -2816.730957
514 -2706.657715
515 -2760.620117
516 -2719.462158
517 -2705.595703
518 -2797.809570
519 -2782.845459
520 -2760.602051
521 -2753.168701
522 -2746.278320
523 -2654.005371
524 -2766.001709
525 -2771.363770
526 -2774.761963
527 -2756.482422
528 -2733.078369
529 -2737.535156
530 -2807.082275
531 -2767.169678
532 -2770.680176
533 -2719.418457
534 -2778.222900
535 -2714.417236
536 -2675.504395
537 -2714.486572
538 -2721.927002
539 -2723.576660
540 -2734.998291
541 -2757.721191
542 -2745.270752
543 -2779.343018
544 -2700.864502
545 -2757.689209
546 -2795.922363
547 -2776.388184
548 -2780.879150
549 -2783.667236
550 -2725.594482
551 -2673.453857
552 -2794.480957
553 -2808.317627
554 -2678.778076
555 -2741.460693
556 -2795.597412
557 -2782.332031
558 -2716.044189
559 -2816.343506
560 -2782.747070
561 -2814.235596
562 -2751.686768
563 -2724.158203
564 -2760.358887
565 -2775.003662
566 -2763.953857
567 -2718.975586
568 -2742.640381
569 -2768.725098
570 -2774.733643
571 -2752.403809
572 -2700.633545
573 -2724.418701
574 -2720.174072
575 -2774.329346
576 -2736.417969
577 -2717.565918
578 -2733.697754
579 -2825.692139
580 -2759.920654
581 -2754.550537
582 -2715.888184
583 -2737.103027
584 -2688.630859
585 -2706.936035
586 -2757.955811
587 -2787.085693
588 -2794.877197
589 -2771.105713
590 -2689.334473
591 -2768.878906
592 -2781.535156
593 -2675.847412
594 -2714.379395
595 -2742.338135
596 -2721.065918
597 -2718.207520
598 -2795.454834
599 -2729.288086
600 -2764.756592
601 -2758.861084
602 -2741.505859
603 -2753.350098
604 -2751.360352
605 -2757.395752
606 -2737.501709
607 -2759.956787
608 -2718.247314
609 -2807.413818
610 -2760.764404
611 -2742.385498
612 -2764.116455
613 -2728.356445
614 -2785.895264
615 -2777.539795
616 -2738.980225
617 -2720.261719
618 -2779.310547
619 -2759.475098
620 -2764.192139
621 -2778.710449
622 -2766.504883
623 -2878.708496
624 -2769.695557
625 -2781.397949
626 -2791.036865
627 -2770.696533
628 -2807.442139
629 -2742.131836
630 -2784.732666
631 -2829.323730
632 -2727.356934
633 -2741.327393
634 -2757.727539
635 -2784.884277
636 -2728.741943
637 -2780.838379
638 -2752.994629
639 -2822.020752
640 -2725.024414
641 -2780.859131
642 -2731.977539
643 -2779.721924
644 -2702.353760
645 -2768.421875
646 -2779.703125
647 -2713.820312
648 -2720.335693
649 -2738.004395
650 -2747.042480
651 -2721.956787
652 -2729.406982
653 -2770.671387
654 -2747.350098
655 -2771.034424
656 -2701.399902
657 -2683.993652
658 -2741.083008
659 -2777.254395
660 -2798.834717
661 -2785.092041
662 -2714.001709
663 -2736.093994
664 -2735.063965
665 -2798.818604
666 -2756.261963
667 -2733.588379
668 -2736.156250
669 -2685.365234
670 -2703.037842
671 -2784.165283
672 -2789.330322
673 -2767.647217
674 -2785.289795
675 -2797.303223
676 -2810.583496
677 -2740.508057
678 -2758.867432
679 -2809.420654
680 -2760.940430
681 -2765.214111
682 -2784.647949
683 -2770.874512
684 -2789.171387
685 -2828.472412
686 -2740.761475
687 -2765.067627
688 -2714.294189
689 -2733.470215
690 -2685.700684
691 -2698.930420
692 -2743.761719
693 -2755.116455
694 -2759.680176
695 -2735.675293
696 -2756.381104
697 -2767.274414
698 -2784.778809
699 -2781.718262
700 -2691.506836
701 -2711.322266
702 -2728.022705
703 -2785.177002
704 -2719.969238
705 -2730.158691
706 -2706.221924
707 -2726.444336
708 -2759.092041
709 -2717.027100
710 -2771.138916
711 -2791.040527
712 -2672.066895
713 -2720.068604
714 -2740.726562
715 -2730.380859
716 -2782.832031
717 -2850.687744
718 -2804.457520
719 -2754.281738
720 -2747.929688
721 -2763.053223
722 -2742.567383
723 -2770.778809
724 -2746.068604
725 -2755.185059
726 -2723.923340
727 -2800.950195
728 -2739.232910
729 -2777.101074
730 -2787.478760
731 -2766.541016
732 -2715.520264
733 -2710.722900
734 -2754.553223
735 -2727.204102
736 -2762.807129
737 -2772.729248
738 -2797.943115
739 -2704.052246
740 -2812.880859
741 -2758.395752
742 -2780.260010
743 -2764.740967
744 -2757.138916
745 -2786.080322
746 -2729.656982
747 -2710.533447
748 -2777.844727
749 -2796.357422
750 -2807.038818
751 -2778.841064
752 -2739.338379
753 -2794.397949
754 -2829.402588
755 -2822.385742
756 -2751.780762
757 -2736.369629
758 -2723.625977
759 -2728.557861
760 -2778.493164
761 -2805.776123
762 -2793.119141
763 -2770.513916
764 -2745.197754
765 -2731.702148
766 -2790.729980
767 -2734.635742
768 -2768.778564
769 -2797.559082
770 -2800.811279
771 -2728.916016
772 -2740.483398
773 -2784.147949
774 -2798.566895
775 -2799.217529
776 -2778.752441
777 -2732.391602
778 -2727.679688
779 -2736.071289
780 -2704.303223
781 -2756.843750
782 -2748.346680
783 -2749.754395
784 -2765.899902
785 -2725.071289
786 -2745.834717
787 -2794.571289
788 -2776.223877
789 -2754.545166
790 -2766.739258
791 -2737.476074
792 -2798.779785
793 -2803.087402
794 -2756.647705
795 -2768.484131
796 -2780.364990
797 -2725.100098
798 -2754.754639
799 -2789.504883
800 -2726.551025
801 -2725.844727
802 -2817.111084
803 -2760.911621
804 -2721.170654
805 -2827.504150
806 -2745.829346
807 -2779.703613
808 -2747.418701
809 -2788.140869
810 -2721.540527
811 -2776.294189
812 -2770.218506
813 -2796.408936
814 -2727.350098
815 -2779.916992
816 -2812.729248
817 -2712.585449
818 -2790.685059
819 -2741.415283
820 -2685.099365
821 -2779.025391
